run	lumisection	evt
297411	411	663222209
297665	85	142494976
297484	17	33720069
297558	57	86200755
299065	123	188234150
299061	292	420414945
297308	36	41123312
297722	338	517730889
297219	1389	2247701989
297101	206	289516753
297599	82	127276429
299067	188	237548360
297411	117	157490798
297604	269	437876677
297177	111	167761954
297219	610	1145549737
297178	17	23551333
297114	140	239176045
297467	59	62477217
297292	8	14397482
297468	11	19516836
297483	143	183710573
297431	185	327096996
297433	129	201374857
297292	112	209037776
297487	226	300474871
297113	2	214107
297100	129	232755404
297563	8	11239036
297292	610	1096693630
297178	794	976908366
297487	190	253029483
299065	19	25022767
297505	203	307486500
297101	494	655621264
297563	234	318034564
297101	313	426922689
297227	89	64911753
297665	103	173939424
299184	213	334590779
297484	108	209479899
297177	98	148676345
297411	434	698849884
297411	671	1118749756
297503	697	1269132648
297100	375	651578822
297503	20	34902396
297219	638	1191541861
297113	82	153816323
297178	1242	1424159877
297099	38	31738561
297411	668	1114999790
297603	229	411714648
297675	302	518548121
297469	30	52104245
297562	304	479603844
297557	386	642751123
297563	142	197529429
297219	1773	2691538154
297505	86	130857613
297430	105	201635257
297114	110	190443307
297503	114	216193261
299064	17	18117451
297620	89	98328056
297431	60	107139899
299065	186	285968815
297176	20	16150317
297487	531	681749143
297488	418	454882559
297487	518	665958428
297411	780	1302983411
297219	396	781651585
297411	442	711380937
297603	402	724597337
297487	581	740857138
297292	257	468115539
297486	139	235538203
297603	310	562069433
297433	58	90908614
297484	192	365156702
297503	302	546072899
297411	607	1008043509
297219	1164	1959797910
297219	1168	1964851262
297296	310	446494478
299067	392	489085252
297292	295	530491280
297486	418	677611733
297675	87	140883858
297486	107	180779417
297430	190	361297503
297424	65	73171922
297485	140	241913490
297432	48	79549380
297219	488	939133004
299064	63	95223450
297431	25	45502428
299065	141	215754645
297656	426	706129565
297656	428	709492665
297100	222	410280242
299184	457	755311354
297505	124	189572722
299184	370	613007840
299061	128	138821449
299061	323	471953478
299329	152	257520651
297620	220	315482789
297723	141	262359104
299061	237	322485869
297675	320	548846993
297604	177	292166171
297620	195	275196062
297503	361	654644178
299184	164	254599711
297505	63	95631183
299329	40	69613410
297620	308	453044639
299185	49	76541650
299184	330	544089556
297674	51	82868651
297674	55	89923639
297557	78	115481619
297605	85	130164229
297606	148	188113481
299067	128	163313354
297722	78	61844374
297722	179	246651461
297722	180	248658773
299149	269	348309814
299149	285	374982001
297178	374	495771636
297178	693	866248061
301524	5	3560134
300122	272	367195053
300122	289	393192911
300122	302	410527481
300122	1262	1695468339
300635	167	229633317
300459	294	446354264
300122	911	1257615342
300636	686	875128593
300636	691	880741729
301941	97	81498973
299370	359	456187919
300576	856	1250616738
300155	1203	1601372690
300122	1005	1375697290
301476	421	324327715
301448	104	91583391
301448	97	84799761
300515	624	999851932
300515	361	602595605
300155	685	921857576
300226	388	535617470
300226	418	581022245
301476	234	182741331
301959	399	470147560
300515	450	735927347
301665	465	381572057
300560	232	275594247
300558	206	292060572
301472	86	54828308
300515	262	447540893
300576	297	457067246
301448	200	173522792
300517	485	570797602
301323	986	905204392
301461	417	403283834
300576	432	650941803
300155	193	230862299
300284	444	603770841
300236	102	136680024
300284	370	509020827
300558	95	124031261
300515	960	1487940380
300155	732	985254942
300515	429	704014017
301448	324	276004634
301941	334	318999299
300633	23	35657157
300635	54	75578623
301959	1321	1298033890
300558	46	58637480
301959	1443	1388569236
301627	515	452203545
300238	263	263318518
300811	406	674954745
300282	3	2159794
300631	153	167595955
301997	239	249203320
301323	889	838607871
300280	415	522061289
301665	206	177196880
300234	12	18763208
300780	113	166084172
300780	144	210606632
301417	279	288756998
300284	637	836508095
300558	54	69089010
301959	313	371287015
300635	105	145825104
301627	607	523164986
300636	16	21096593
300742	245	362622270
300742	233	342415398
300742	251	371789943
300240	285	255019197
300817	424	588060015
300817	433	599859333
300742	173	230166618
299480	247	358409536
301472	179	157630763
300280	95	78431269
300280	301	366428388
300155	1096	1471764773
301627	620	533009090
300515	646	1032163434
300576	166	249370448
300816	14	15995138
301960	92	54072247
301359	226	220027955
300817	337	472632029
300576	446	671500882
301959	1134	1152493924
300812	15	23107784
300237	639	870854820
299480	155	225304491
301448	46	41684821
301330	254	258595294
300240	321	286250202
300237	448	629235468
300515	831	1303612337
301472	118	91161043
300122	583	814001928
300785	1139	1313939723
300576	248	383184822
300742	100	93179259
301912	395	305101740
300558	286	406097429
300238	288	289940963
300155	650	874544350
300122	600	839672871
299480	3	1313544
300560	88	106208373
300560	103	123645305
301998	1056	898941911
300777	477	736341175
300517	315	380495153
300811	382	639254110
301323	184	169187964
300785	1070	1246695113
300742	91	78350378
300812	42	65315124
300633	27	42509639
299480	517	733445985
300157	348	372161772
300817	485	660930297
300558	73	94449830
300742	311	476736177
300635	59	83272516
300558	213	302240818
300517	577	670777386
300811	435	721758040
300515	225	387153209
300157	943	936611401
301472	737	700170996
300157	990	978366314
300157	109	116082369
300515	639	1021221835
300226	169	195015569
301959	1269	1259038312
300157	474	500124236
300235	83	128467136
301448	232	200265865
300155	719	967749344
300280	109	103967686
300560	211	249895182
301323	334	330391454
301476	197	154483533
300155	114	120007252
300812	32	50067347
300560	178	213450193
300238	57	40537790
301998	463	436079058
301449	81	63352234
299480	306	440738256
300558	491	685732311
300155	1144	1530684956
300122	157	192722010
300122	122	134899120
300817	273	381902956
300631	171	198680652
300560	243	286925012
300240	18	9009700
300226	242	308363362
300122	791	1090204044
301161	554	470215442
300157	817	822536781
300675	9	15703148
300122	924	1276163521
300122	171	213106871
300123	523	570440244
301142	811	642598005
301532	563	342188656
300780	208	299443287
300631	186	225421967
300636	941	1153097323
300636	1367	1567773005
301448	71	62922658
301161	471	398983088
300636	1255	1463357369
300777	345	528849282
300742	119	130760715
300742	120	131895662
300123	294	335917310
300284	500	673119534
300811	98	159731880
300237	219	312737356
301567	202	195590988
301449	284	219919899
300226	102	90915917
300785	465	598839687
300238	229	227426561
300238	234	232164419
301391	111	82463571
300284	659	861976913
301985	63	68190509
300155	508	679763596
300122	1205	1626456785
299597	53	57054535
299597	65	71489016
300785	1099	1275233087
301142	285	264070849
300284	3	2055933
300122	873	1202509395
301384	394	433314904
300226	115	111185203
299481	123	147803086
300817	303	425005225
300636	266	366901636
300122	693	966919267
300123	504	551161732
301664	65	36197391
300817	122	168750542
300558	499	695987704
300558	507	705998877
301665	429	354443475
300400	370	546162198
301384	282	319252733
301627	129	87966674
300811	38	58830623
301997	158	153163319
300816	38	53238003
300122	1044	1427918679
300777	96	123690975
301472	231	214041165
301627	353	314356929
300237	543	752606328
301476	738	548568097
301392	17	17044155
299370	126	137795132
299370	163	179175861
301142	162	157736589
300122	810	1111441685
300122	816	1118639229
300122	346	472427453
300122	349	476692247
300155	240	301537340
300785	740	913218393
300123	564	611358229
300636	917	1128122625
300155	320	417677873
300155	397	523571322
301384	473	511150546
300777	193	291278795
300280	193	232348436
300157	188	202575782
301392	224	227835908
301397	140	105093554
301567	49	36421225
300155	137	155681865
301392	548	526346818
300235	106	162088669
300235	139	211393743
301165	55	40062201
300236	118	159257849
300560	553	629663035
300560	554	630745256
300155	1220	1621577382
299478	27	43351933
301472	215	196653369
300560	701	779229643
300560	712	789700592
301998	610	556437354
301384	121	144955855
300122	148	177156764
300636	531	694543979
301567	347	340690734
301447	306	288234048
300400	600	884302223
301519	80	38103703
301998	551	509425720
301627	312	276687823
299396	31	52587713
300560	530	605783538
301417	202	198833606
300806	51	19693572
300576	451	678483406
300636	1559	1735665030
301183	88	77895593
300467	371	369375989
299380	68	51766172
301627	195	160459925
301941	187	177445385
300280	266	321780563
301384	260	295702284
300464	245	355406329
300400	404	592876628
300811	356	597212647
300576	793	1168995003
299478	52	79293816
299395	84	122677320
301392	476	462994733
301694	80	81919968
299481	44	51452473
301987	423	317326362
300122	819	1123711076
300785	99	134689153
300122	200	258291147
301142	414	366530016
300633	267	407420934
300633	332	502511387
300400	467	691718760
300466	214	289170844
301985	139	150395738
301397	711	511344787
299380	51	22733807
299380	146	170135740
299369	172	238270018
299594	210	264249537
301476	720	536063480
301529	3	1879530
301987	336	256111580
300389	102	152984193
301987	951	650105163
301397	387	286572953
300400	206	311696948
301998	644	584092855
300462	8	10259656
300283	12	18242985
300459	177	256371500
300467	459	451177368
300400	490	725601134
299481	737	819685519
301161	223	180049166
300466	74	102447079
300576	1001	1436740416
300636	1266	1474615373
300155	652	877397269
300155	653	878895708
301998	1281	1051966753
300466	298	394434263
300497	139	183267226
301987	1042	701355527
300467	224	228704363
300467	552	532764505
300514	130	170479281
301472	555	534969731
301987	314	239779778
301531	4	2601267
300284	532	713789678
301298	912	850853018
299597	391	415191427
301447	212	191374906
302019	70	44317242
300401	42	34374195
299593	486	613641143
301959	144	161858922
301531	17	12601590
300497	77	85183004
301959	1925	1707222332
301997	196	199305956
300777	471	727684973
302029	15	18474458
301180	52	51451770
301180	68	69392440
299480	580	822399495
300400	616	908307287
300389	78	103648699
299593	856	1127774289
299481	1130	1175684784
299481	1147	1191266040
299593	737	960265953
299649	325	476362189
301998	791	701584527
300155	912	1235076653
301476	155	122119745
301330	187	187398513
301330	330	336603945
301298	456	447889931
299595	81	96571514
299369	227	310402139
300157	884	883285201
299381	2	1766338
300464	163	238535271
300785	73	98883001
301997	79	56378026
299369	267	359213317
299594	190	239975053
300157	1015	1000854916
299481	172	204786070
300633	176	271223030
301665	37	33636881
301959	701	780911291
300235	144	219737558
301447	146	120814722
301472	719	684679763
301524	88	81278754
300284	511	686899579
300284	513	690095791
299481	352	417976709
299481	847	930846849
301986	145	130719027
300400	127	189556694
299593	358	421415555
301323	820	781553464
301476	324	251147569
300280	494	642360641
301298	176	158332976
301142	363	327477706
299381	45	54507610
299395	132	194324947
301987	1100	733447226
301283	14	10887763
301998	1590	1243850736
300400	80	116652448
300400	224	338421392
300817	167	233265668
301959	164	187582853
301970	121	141254303
300785	306	403867757
299481	166	198165860
301298	201	186569346
300280	491	637637379
301472	762	722454329
301519	162	121802919
301323	343	340452053
300466	530	669051620
300515	29	49671159
299481	776	859691737
301161	250	204407348
301476	13	10477192
301997	59	29082421
301330	97	85925955
301283	662	553544213
300497	63	60430018
301998	947	819599904
301998	800	709160086
300375	31	44547328
300400	103	151115799
300400	580	856359926
299380	210	258843413
299479	49	67350920
300785	314	413277801
301323	707	682854584
301987	65	51200888
299593	792	1037011623
301330	244	248247703
299481	193	229533438
300375	17	22794845
301987	722	513399360
301987	416	312577775
301987	1014	685728473
300280	469	604075829
300514	79	83660423
301998	1038	886204196
300400	152	229551381
300226	228	284097220
301986	121	109787264
299597	395	419230903
301987	279	213934950
300576	726	1073876665
299593	259	279936560
300400	270	405121299
301998	1040	887293105
299369	191	264201075
301323	582	569707487
301397	380	281430565
300157	593	616757548
300576	947	1367839401
300785	534	680325967
301323	936	874358093
299395	12	13819500
300464	239	349712939
301997	87	65816066
301476	445	342586899
301987	446	333194261
300466	328	431994454
300466	330	433802793
301281	137	100469642
300122	422	581562136
299481	673	753232876
302026	31	16014395
302635	2	1301819
302225	121	83526844
302042	406	269414910
302042	484	316608232
302043	91	52237281
302597	18	16923269
302479	203	248586030
302472	107	119907229
302350	3	1748800
302654	135	169048838
302393	524	571811536
302229	430	402463519
302163	345	316567163
302553	120	152385468
302596	398	469998168
302573	229	240778472
302277	125	123686266
302042	337	225840755
302597	712	603832878
302277	119	116839048
302573	978	906035412
302597	647	551326551
302597	563	483359366
302572	227	260382587
302635	692	657059652
302635	848	784466626
302635	1046	941815787
302473	139	137792621
302472	538	656956159
302131	789	678151854
302597	1019	831389071
302225	311	276678969
302448	175	204539839
302448	716	817447190
302485	396	483999126
302479	285	362061058
302337	38	10823235
302448	299	357390508
302525	341	433731598
302635	86	90631719
302573	1080	985108674
302263	867	734899200
302485	86	114310415
302476	7	2488950
302328	56	11910092
302448	433	514247810
302654	296	358808970
302474	293	241066563
302485	235	298992462
302634	361	436617552
302485	193	247458073
302634	196	225531817
302473	291	278534011
302597	722	611436535
302635	13	12777532
302229	185	184997083
302263	515	459286761
302388	697	779899800
302596	479	564762213
302485	584	685996084
302635	518	507264394
302263	562	496480145
302596	508	597317829
302485	44	58493555
302654	193	237755925
302651	33	47302119
302262	248	263064699
302328	497	429814783
302525	376	472415345
302476	156	119205758
302663	71	95232872
302473	74	74315493
302634	256	304236539
302280	1	233587
302476	25	16753705
302474	89	75869840
302031	749	734781996
302388	267	315783680
302634	275	328114024
302634	416	505623859
302472	123	143680960
302663	488	589431508
302525	255	330484342
302163	723	640830016
302651	63	91004444
302485	151	194967001
302485	598	700960568
302573	210	221237892
302277	321	313184837
302473	238	230852174
302573	471	478308553
302473	151	149180926
302277	381	367324625
302042	367	244619732
302596	621	718777802
302472	323	405672440
302596	263	306054044
302474	138	117064629
302474	145	123460861
302263	842	715636112
302526	6	3754825
302573	908	851290964
302225	415	369251630
302392	140	150551920
302663	170	219154741
302388	310	367541475
302573	1225	1096148248
302262	132	128092946
302484	138	190581196
302163	137	113022335
302163	259	237211183
302448	650	747577401
302448	1661	1630266727
302573	181	191989947
302479	107	107914050
302573	525	527357532
302263	143	138816891
302494	458	383379515
302042	253	172227245
302263	627	549352003
302240	280	298968665
302263	897	756025494
302596	767	874916610
302229	199	198446653
302229	221	218030916
302448	523	614442912
302635	713	674438481
302635	846	783161117
302388	621	706425880
302392	383	476254666
302163	703	624859995
302163	476	433374639
302229	449	418602472
302474	69	58659300
302263	373	341843005
302225	595	525261596
302393	334	377209805
302322	277	225733709
302240	406	420190092
302163	1135	935772968
302263	1119	912562289
302485	197	253082846
302597	366	323174619
302165	10	5032034
302263	855	725665067
302393	634	680230058
302159	101	78453018
302572	50	55202085
302163	42	7179680
302263	941	788257091
302163	899	774392796
302031	203	220340588
302472	65	59080665
302448	1258	1312261532
302343	76	75994346
302393	101	119453278
302328	617	533087652
302163	1219	984172618
302228	238	210032054
302393	305	346799194
302494	477	398691428
302635	449	445492258
302635	1003	907577812
302635	1007	910860112
302635	961	874429046
302322	507	415796435
302131	305	268784774
302328	437	378993910
302322	75	39155315
302663	147	191614702
302388	322	380916656
302388	342	404079484
302240	418	431579473
302163	1194	973611893
302344	42	39214756
302322	541	443044750
302322	543	444730917
302663	91	120879040
302651	87	123528264
302663	533	640315138
302597	929	768908943
302322	224	178744812
302228	196	162584914
302651	28	40432048
302572	187	214528815
302573	1207	1082455408
302277	44	34494760
302472	281	354478719
302472	226	283632644
302597	812	681904689
302472	706	836834425
302031	631	635017537
302031	634	637426954
304655	630	928678929
304447	1366	2056279595
304209	209	317891140
304144	316	502257900
303885	206	255009192
303885	210	261697059
303885	344	482762281
303832	393	491528850
303832	420	526721958
304366	272	461042727
304366	275	466254103
304797	1712	2635681024
304144	389	630270667
304125	346	581411797
304333	598	953122972
304447	199	338701168
304333	1157	1827674259
304333	1029	1659109564
304366	775	1303067900
304292	1662	2235914456
304333	1375	2080466979
304366	1679	2422394485
304292	848	1438827902
304292	745	1310908639
304366	1078	1757282473
304562	379	564695449
304333	207	294963605
304292	796	1375151557
304333	569	899460311
304292	1706	2269711469
304292	528	992068673
304333	1274	1967964342
304333	603	962720134
304292	437	845520886
304292	982	1590579186
304333	504	769632609
304292	408	797153724
304333	1000	1619828919
304366	581	966520785
304562	493	781168347
304292	1391	2004289747
304333	567	896546690
304366	1756	2492425165
304366	544	896040908
304366	552	910826139
304366	564	934072439
304447	166	286157918
304292	626	1143404031
304333	1108	1765799145
304333	1128	1791581034
304333	615	985584452
304562	118	137397720
304797	1328	2225931736
304616	180	268286832
304062	112	97855533
304616	556	916318870
304292	709	1262450876
303832	186	199770381
304797	1763	2683970503
304119	117	129881035
304119	117	130150719
303838	706	1032317292
304144	1093	1857555438
304125	1010	1402518337
304125	1711	2023494010
304125	1155	1545198543
303838	977	1360054111
304797	1231	2108611749
303838	687	1005866170
304797	1288	2179247931
304797	1290	2181537018
304125	1268	1651440824
304120	99	190727607
304506	78	135418915
304506	102	175174669
304144	979	1691107377
304169	113	111164685
303885	1656	2026582484
303885	1660	2030334210
304125	1251	1635458458
303832	1132	1280765159
304508	906	1160155854
304797	2634	3374688861
304508	760	1013390654
303948	1647	2204072202
304671	711	1175288117
303885	1862	2189445551
303885	836	1186277335
304508	1020	1268515505
303832	202	223699418
303838	1757	2082229966
304144	786	1387382094
303832	1048	1204495490
303838	1374	1763218006
303948	1119	1667078917
304062	1112	1572510767
303948	1587	2148819412
303885	1046	1434980092
304144	2401	3168997267
303885	1582	1965548973
304062	274	397821517
303838	215	301643419
304169	1482	1939313504
304777	372	622760810
304777	375	627926005
304169	298	452891828
304366	383	627099548
304169	960	1394781029
304125	1026	1419041608
303948	916	1420932840
304366	357	585366431
304616	404	644058209
304125	646	990500536
304333	759	1242533749
303948	295	456972721
304366	196	327405269
303885	1037	1424514823
303948	1551	2115461315
303885	303	418473319
304209	249	395203499
304158	802	1025620259
304354	145	139013400
304506	134	229780373
304209	449	779964635
303832	1701	1732785407
304062	876	1296133510
304125	298	505380648
303885	131	128110163
303948	137	158082289
304125	953	1344024565
304200	128	246689202
304200	128	247624566
304797	2409	3219044145
304616	440	701959741
304366	59	75380050
304158	871	1117579223
304158	635	795726714
304144	102	78752313
304125	1399	1768188512
304209	267	431587102
304209	270	437767305
303885	1562	1947093225
303838	1075	1467745280
304062	235	329702993
304354	131	112463381
303838	456	686297215
304616	371	588971093
304616	565	932522110
304672	24	29838450
304062	722	1092160944
303998	306	489869127
304447	1485	2177874818
304655	223	378205269
303832	1284	1409952249
304671	153	214404136
304144	1826	2688150152
304144	1454	2312025493
303948	1272	1835817677
304125	796	1173240036
304169	569	892462456
304144	560	970486454
303838	473	708922917
304144	406	660879109
304144	393	639157284
304616	613	1020774795
304738	157	276591423
303885	101	76597508
303832	718	875175202
303832	733	891869789
304625	327	476116330
304625	328	478644148
304119	75	50225107
303999	38	67306125
304200	285	533755177
303948	108	105957891
304366	127	201525896
304119	91	80503941
304125	1552	1894160107
304616	350	552836653
304366	309	518325740
304366	319	525812050
303832	383	477327057
304797	756	1378022887
303999	78	140722460
303885	291	398325627
304119	106	110267489
304333	1483	2196046289
304125	1584	1919971566
303999	238	404108393
303885	1465	1857488666
303832	835	999144146
304125	829	1210470357
304120	182	349449092
304062	639	976915683
304158	572	700635963
304209	329	555228537
304797	211	383783112
303832	511	639822976
303832	751	911115375
304366	1739	2476994370
304797	757	1378334408
304125	1294	1674794624
304169	425	665264242
303948	232	340150602
303838	238	339793540
304671	351	559085376
304333	1185	1862787118
304366	347	568862485
304209	76	63451155
304778	811	1251831309
304655	263	440509518
304144	1119	1896481793
304204	282	403546947
304797	786	1430670813
304204	234	317446279
304671	588	949950137
304562	432	660527654
304562	553	901426548
304738	636	1095131342
304738	338	575082154
304778	289	523191775
304447	1138	1806120557
303999	65	116299024
303885	391	556888661
304508	1154	1383157669
304778	25	46589387
304169	485	760924497
304169	512	805660537
304170	527	456035801
304738	1228	1982966977
304655	54	93927499
304170	317	288250149
303999	507	808031546
304671	228	354784313
304625	487	743217470
304508	199	315093819
304654	229	365454203
303948	1570	2132853410
304625	188	231920170
304562	757	1298040234
304626	7	10663090
304655	460	718266021
304447	451	801289980
304169	187	248580273
304169	192	259687769
304738	452	764414696
304125	210	370960513
304654	500	781554407
303832	1653	1696985323
304292	263	537415580
304671	989	1626752231
304654	147	209440436
304562	547	889017217
304778	725	1151180504
304654	252	409057289
303948	552	892551683
304655	688	994276432
304777	77	131433451
304655	372	598840384
304655	38	67594217
304200	84	162170993
304507	222	272717233
304209	201	303757134
304209	344	582447596
303999	429	697252128
304778	1058	1509822155
303948	1529	2095528186
304158	1961	2193429984
304508	354	536273655
304655	604	898904799
304616	416	663752028
304663	617	1057635550
304625	165	190985386
304144	1190	1993921213
304144	1193	1998200116
304144	1022	1752484298
303838	1354	1744670582
303999	185	319964550
303999	164	284644032
304654	418	673891373
304447	380	671881636
304062	1337	1807572992
304169	1084	1532579534
304169	1576	2036681951
304144	2350	3130831281
304778	616	1012086073
304447	1191	1868304895
303838	1466	1844472812
304655	1149	1456435813
304169	246	362845317
304655	559	843499890
303885	1550	1936721072
304663	131	222862974
304506	219	357143969
304447	1180	1855664873
304204	262	361896323
304562	668	1124053172
304654	105	131543011
304506	9	13708342
304778	1222	1662626023
304654	73	66817836
304777	426	713569725
304778	657	1065354048
304508	603	844783840
304169	733	1121366690
304144	2106	2936294094
304158	1021	1309074306
304662	53	76949652
304797	453	817743731
304158	238	152660737
304671	338	536974768
304000	54	59411270
304062	76	33136949
304738	277	469340509
304738	29	51707130
304204	58	14336738
304738	1630	2414411796
304158	1175	1487539079
304738	469	791833622
304447	838	1426186586
304506	74	129151445
304738	559	952888879
303999	651	995230226
303948	889	1384036080
304738	974	1649413986
303832	970	1131600921
304169	1607	2068069623
304671	265	419859132
304169	1178	1632544055
304616	503	816166964
303948	677	1077510995
304292	272	556376185
304738	255	441668890
304125	105	195837343
304663	597	1027862828
304508	149	236709807
303825	28	23430291
303838	769	1114864895
304663	416	740010332
304062	571	877932836
304158	1442	1755309619
303885	587	844922641
303999	552	870952059
304738	1386	2164029848
304366	1132	1828657764
303885	572	822908464
304508	774	1027767710
303885	160	172577155
304777	487	806798420
304508	618	861176068
304333	606	967647993
304507	113	129629320
304158	1680	1969946172
304169	869	1289255299
304125	15	29097463
304170	162	150311304
304663	418	744098202
304200	33	61552469
304778	642	1046402449
304158	192	70283797
304158	1387	1702290285
304144	867	1519004099
304144	972	1679718713
304169	873	1293002754
304738	1257	2017533174
304777	406	680291441
304797	649	1176674016
304663	469	830271846
304654	355	572099474
304738	1045	1747677186
304562	458	712297454
304562	461	717548539
304508	878	1132894677
304655	1140	1448469940
303838	1227	1620689440
304508	628	872706678
304292	1718	2279729314
305064	335	555639657
305237	34	63192401
305112	1404	2310776377
305636	837	1470267883
305059	346	476503941
305112	672	1145073309
305207	565	877258766
305208	141	240417210
305351	44	79088045
305064	1082	1517842582
305840	1029	1702506225
305821	535	905544193
305821	300	489120028
305814	161	178446172
305814	1804	2901866439
305814	375	574286884
305821	90	92549695
305814	846	1407079524
305766	487	857409005
305821	207	317930674
305814	393	607643902
305862	426	686618859
305814	364	555226560
305862	227	310460476
305814	1544	2563073969
305045	450	759571738
305204	627	1007158508
305898	240	347459840
305766	833	1483312723
305814	1537	2552729655
305832	170	195236307
305821	748	1256462196
305862	466	759764001
305862	171	202116103
305766	895	1597993096
305821	755	1270378897
305821	760	1279387088
305840	716	1273356478
305814	143	142869888
305809	189	279044460
305183	71	119051577
305186	65	89283908
305898	620	1008334546
305814	376	576848310
305766	556	968264520
305862	671	1108411737
305814	1207	2054488387
305902	255	379335255
305814	1557	2580327376
305840	702	1251080011
305766	59	28545026
305059	332	455054911
305059	334	458376583
305898	132	149184840
305898	180	236400890
305842	406	448516165
305898	401	637480063
305862	254	361866498
305862	610	1003278883
305636	1587	2758853789
305336	231	382163167
305188	435	703997496
305207	258	384670527
305188	10	15809673
305045	506	851383101
305636	302	488365100
305814	883	1472998071
305766	451	792214028
305766	246	400472936
305766	288	481525762
305766	308	520633493
305821	120	152017091
305821	122	155471175
305814	335	502588227
305814	585	929680968
305898	76	46087745
305898	103	96855217
305248	748	1325562034
305112	1387	2289723163
305081	442	750667400
305112	1259	2118473388
305636	165	228472428
305636	1407	2499335325
305252	403	472229414
305237	384	736706404
305311	133	230403275
305350	7	12898737
305636	1035	1856739942
305046	121	136793349
305081	583	996496840
305202	507	769090178
305202	168	194289440
305202	268	369360541
305114	19	21837956
305248	935	1608838579
305112	1241	2094745818
305059	365	503791960
305188	243	424683463
305188	501	795998869
305112	1229	2076744417
305081	756	1279779407
305188	922	1355016281
305045	303	526644286
305636	1210	2177300470
305046	554	565212528
305064	1586	1963471868
305188	311	528196455
305081	842	1432172156
305248	483	870809773
305313	639	1026883920
305336	198	320617457
305059	301	407075690
305112	369	595281049
305081	474	804681518
305064	795	1203430892
305313	549	906898519
305045	337	582347614
305188	303	516406590
305112	1492	2416467226
305237	439	827247752
305045	693	1120394544
305314	24	29093821
305248	879	1527764524
305341	51	89992420
305341	67	118658470
305341	314	533911526
305341	224	380868411
305204	219	373252097
305237	1089	2033280569
305204	100	167457580
305336	149	229720773
305590	968	1168620711
305204	824	1253486110
305112	1191	2022437460
305188	862	1284149746
305351	5	6692411
305045	399	680574949
305237	58	107655875
305237	949	1787511348
305064	520	842169093
305059	508	716314795
305081	551	934975724
305064	1035	1468620732
305636	2255	3563338167
305183	181	303764607
305112	286	436565925
305350	1	1325070
305202	352	511644476
305064	1068	1503549234
305045	552	923655664
305064	1006	1438536354
305064	1011	1443838570
305207	698	1094507685
305046	529	541939683
305045	267	468656060
305636	567	961394913
305186	345	562791652
305636	952	1699176849
305204	944	1391117512
305336	179	285052934
305064	380	627034158
305081	898	1526205534
305204	378	641456618
305112	1018	1751627074
305188	908	1337796584
305112	680	1156198799
305064	894	1316861865
305247	347	581888078
305248	440	795425112
305081	933	1587724328
305204	912	1355214172
305188	70	126996303
305045	98	180374631
305636	945	1684788339
305183	39	67133128
305248	255	449814222
305112	758	1290771129
305112	1132	1932812856
305636	1501	2639450691
305081	356	588992223
305188	95	173175246
305059	554	772801574
305188	492	782747910
305204	962	1411139927
305202	224	292405189
305112	813	1389572421
305059	225	285082840
305046	299	321044917
305312	24	41712832
305113	9	2352295
305237	167	322985636
305059	447	624464467
305636	1160	2086924167
305252	396	465377616
305112	154	178454803
305248	396	711409405
305237	276	534091668
305365	280	471994364
305518	929	1518955897
305518	932	1522638249
305237	287	556533106
305589	6	10263633
305310	88	82276293
305406	846	1514376492
305406	1329	2141104445
305377	914	1696565896
305377	918	1703006387
305377	920	1707710106
305312	52	89611452
305282	191	252005007
305518	600	1066062031
305377	450	818231427
305441	90	148555561
305312	190	341242737
305842	203	234727085
305365	362	605448508
305358	113	66871107
305237	966	1820173462
305366	1066	1445531366
305063	9	10875533
305063	16	20913350
305207	921	1476870799
305207	923	1479967565
305204	969	1419282906
305186	218	341086941
305636	2073	3366680791
305636	1714	2932252441
305313	293	512400525
305366	303	520570969
305366	860	1237696096
305351	69	122872614
305248	799	1406691957
305518	6	11898932
305358	118	75323635
305898	313	482023682
305351	86	155602522
305862	553	912786832
305248	167	294945326
305341	60	106905619
305341	64	113456702
305517	3	2644806
305282	168	205911719
305590	848	1040002755
305586	383	648065859
305365	46	78605277
305248	631	1126423199
305351	578	926897309
305406	33	53905363
305248	223	396516943
305518	28	55456150
305351	524	856037067
305365	544	890776753
305406	1306	2113671344
305365	719	1205480685
305366	703	1060492195
305247	406	691692696
305351	769	1160918774
305081	600	1027771098
305636	906	1604701939
305045	862	1337358123
305518	588	1046493466
305518	830	1385743900
305248	592	1059109640
305237	1037	1948034324
305237	139	268052750
305406	412	766214836
305405	74	132673631
305237	340	655749838
305518	465	850428261
305586	461	792410282
305237	598	1114127614
305248	27	47217627
305586	162	233146771
305406	106	182591290
305902	371	577853545
305377	1359	2377299702
305247	314	518099133
305313	20	36402474
305351	779	1172461795
305311	101	167470367
305405	211	381762363
305252	361	428920064
305898	292	442997986
305365	416	680525826
305252	112	139538441
305351	640	1004956794
305377	91	161563870
305247	166	232757586
305590	481	633735119
305636	1841	3094029796
305046	50	58514505
305112	963	1654694170
305112	1220	2064111911
305202	301	425709540
305377	390	708919379
305406	567	1045660411
305967	14	25257592
305377	895	1660773629
305366	1070	1449122204
305366	296	509780070
305366	299	514693404
305406	489	906453254
305237	411	786114787
305636	369	616957184
305237	134	259047380
305406	592	1088653005
305312	81	138944742
305358	92	26793465
305366	560	884424488
305440	41	48641356
305366	713	1072357230
305440	100	156509510
305636	153	204069590
305351	187	336716097
305636	428	725420420
305589	183	352403705
305405	422	755411352
305405	278	501306781
305341	347	586873843
305282	79	36111638
305064	1935	2225676240
305081	260	404315389
305045	781	1233515511
305311	30	54003105
305313	30	55305588
305406	502	930325222
305589	341	653145208
305313	600	975502532
305365	291	491565538
305282	148	168515409
305377	1485	2536325760
305516	113	139511598
305516	606	988254218
305589	221	426433751
305406	1151	1923292003
305252	96	119946590
305586	422	720291490
305248	35	61690902
305252	71	88212385
305252	279	337469238
305898	549	896243553
305405	86	155016165
305377	773	1414164718
305902	282	425579350
305248	292	509732728
305237	122	235371367
305832	223	296840005
305364	101	111922213
297674	109	176167945
297219	2065	2996561309
297599	64	98343120
297483	96	103806263
297219	2271	3193029291
297487	41	56188977
297562	184	302302698
297219	1263	2089977672
297675	337	576547436
299062	286	471144950
299061	194	250151851
297219	1153	1945207765
297219	1350	2200306691
297050	727	849132326
297656	286	469380896
297215	11	17566071
297219	2217	3142111218
297485	324	570261271
297057	21	27806768
297487	272	361534313
297296	75	109950505
297486	607	953136366
297219	1792	2712507609
297503	22	39279608
297603	239	431106049
297219	257	519150181
297562	16	25420700
297562	241	387935575
297503	669	1219660475
297599	87	135505531
297488	424	461214863
297411	774	1293307988
297219	1366	2219747961
297484	197	373743243
297485	287	503129542
297485	86	150450258
297503	110	207598264
297178	299	402028188
297430	83	158052491
297057	476	588556709
297505	127	193404844
297424	98	128663658
297486	485	777018055
297656	230	371944239
297604	230	376137270
297675	303	518989593
297675	419	713097879
297605	201	297078638
297620	186	260929375
297604	7	11075721
299067	240	303214942
297485	193	328871773
297485	156	268563600
297486	98	165377883
297503	212	390054894
297675	353	603287368
297433	47	72349043
300157	25	21035705
300157	37	34934908
301524	6	4782431
301531	106	79185077
300122	751	1038428438
300122	1257	1690401901
300636	794	995143158
301519	235	195829301
300226	342	465288947
300576	267	411318196
299480	532	754157858
300155	1206	1604353742
300576	854	1248471388
300155	448	593714337
301665	246	210232129
301985	134	145175368
300576	402	608367848
300280	141	166397035
300515	607	974744219
300515	614	984569594
300515	256	437298687
300226	386	532083357
300226	417	580122581
301665	182	157160323
300237	286	401915248
300237	287	404409949
301476	350	270381045
300155	1132	1514927967
300558	223	316253095
300785	425	550264213
300785	549	697803480
300633	3	4626991
301959	1125	1145352864
301472	80	48422589
301472	81	49116483
301627	586	507426625
300515	261	446625642
301959	1091	1118570807
300558	119	160402387
299478	44	67678558
300780	79	115552190
301959	201	233105965
299478	146	215905720
300785	1157	1330731672
300517	401	479419257
300155	103	105059480
301912	341	263520423
300515	435	713451082
300155	336	439610703
300785	406	526984198
300233	115	122991117
300240	42	31424896
301472	659	629195888
301627	562	489027354
301627	160	123332598
301627	164	127166479
300239	24	24211556
300280	131	146337078
300123	526	573172414
301532	413	257431854
301391	185	166004424
301323	385	378804756
300515	98	171348584
299480	617	871760180
299480	462	658321006
300558	228	321877627
300558	371	523054779
300226	379	522294214
300235	73	113364449
301960	14	8351970
301959	1859	1666984806
299480	501	712419073
301627	204	169492923
300517	451	534481131
300817	415	575685367
301959	153	173675409
301448	28	25376291
299480	230	335367532
300806	124	151585654
300806	125	153144957
300576	117	172457035
300576	117	172589004
300280	300	365927233
300777	365	558386458
300517	551	643219122
300517	528	618292667
300816	137	201821692
300234	36	56690537
300155	424	560649417
300574	42	30948910
300284	151	216756519
300284	151	215857018
301461	564	541215740
301447	157	132276971
300517	537	627485248
300576	146	216860139
301323	688	665978587
300240	342	305220204
300122	588	821507354
300785	160	214798305
300785	1049	1226065773
301912	382	295051404
300233	95	87707761
301912	196	144426345
301987	969	659951284
300515	157	272556491
300558	259	366821682
300558	409	574991871
300238	189	183580839
300515	305	513773953
301323	324	320259410
300576	58	83391724
301323	333	330076969
300633	104	159528046
300155	231	286746564
300155	235	293067843
300155	1001	1350558901
300155	1005	1355573640
301450	172	115258099
301461	430	415345164
301959	1819	1641576176
301959	420	493400539
300517	265	323081403
300576	334	511528379
301627	473	418200703
300742	308	470932237
300742	318	488426773
300777	482	744007192
301665	348	292314781
300558	407	571830115
300226	83	63664662
300157	730	742594025
301959	1815	1639112780
300240	130	114342243
301941	62	40095262
301941	138	126675323
300235	159	242898025
300235	163	249407302
301298	358	349655772
301298	841	792451386
300576	426	642854734
300237	142	206502654
300280	102	93020941
300280	623	826934301
300515	144	249128674
300157	997	984395435
300785	1056	1232572717
300238	37	16233494
300238	135	122097639
300558	65	82666187
300806	96	99656006
301461	124	94134880
299480	201	293592398
300155	767	1031917724
301959	1774	1613033008
301384	230	264349838
300226	444	617843167
300235	37	57018326
301567	254	247704819
300284	117	169103968
300811	56	92291687
300777	312	478118488
301142	440	386049957
300123	144	169410904
300122	790	1088811511
301984	95	107387841
301984	97	109269428
301914	111	77421744
300157	1054	1035006868
300122	172	216033769
300817	347	486955847
301384	45	54441970
300560	386	449419294
301183	127	114424421
300122	280	379160053
301183	195	176254906
300284	481	650272811
300780	203	291528849
300576	784	1156010312
300157	856	857498140
300560	480	551638991
300155	1070	1440494838
300576	584	873003838
300636	939	1150577393
300785	1238	1406989237
299380	95	93807941
300636	1378	1577989594
300636	1274	1481963592
300636	1528	1711939961
300576	498	744221864
300742	185	252797874
300123	299	341128278
301449	281	217904281
300785	954	1131502327
300816	65	96392400
301391	201	183899517
301472	147	123393865
301472	531	512749586
301472	523	504751952
301417	334	348937235
300576	1054	1502501310
300777	419	641832188
300785	1102	1278388457
300635	144	200376625
300635	158	216723102
300636	563	731432207
299480	128	188783458
301417	331	345633102
301397	52	39963665
300155	92	89850698
301531	145	107434015
300560	360	420590477
301998	624	567798908
300123	499	545917298
300239	139	143525673
301914	227	153305100
300400	370	546011216
300560	682	761340323
301987	46	36737313
300237	309	434292767
300780	117	171770712
301941	197	187625962
300122	563	783456078
300459	258	390840596
301627	353	314668310
300636	499	656488573
301519	225	186105623
301142	835	657155402
301384	159	187799141
299480	486	690344594
301476	10	7499060
300122	91	86288294
300237	458	642980221
300284	517	695061362
301392	69	71718168
301476	379	292332671
301476	496	379826962
300123	243	281812453
299480	390	555701988
300123	551	597644737
301532	537	327729379
300576	1190	1670037582
300155	1019	1374788146
300467	244	248214075
300155	276	355927715
301384	400	439605265
300780	327	476503107
300636	495	650894452
300123	401	444372815
300633	435	651758514
300636	1180	1393035799
300636	1190	1402855595
301567	331	324964678
300240	150	133035483
301397	136	102718950
299479	66	92682116
299370	659	839211437
301450	23	14884704
301450	150	101230367
300122	943	1291809494
300560	455	524416366
300560	519	594131858
300576	1174	1649606014
301359	68	34534332
301914	200	135623175
299370	425	542689201
300631	126	122464039
301472	614	589349290
300560	711	788909318
299420	33	44689447
300780	170	244841750
299396	35	58103993
301912	379	292767764
299369	280	378253020
299480	672	942490199
299480	672	941817643
300636	1073	1287860580
301384	80	97699925
300631	94	65538319
301461	201	177966488
301384	152	179087225
301384	151	178207773
301664	356	331464205
300636	401	535639569
301998	565	520372443
301448	293	250956869
300817	45	61958285
300817	85	116445486
301627	82	39266654
299396	31	52728554
301914	21	15238606
301142	177	171548468
301447	194	172466869
301532	424	263834717
301532	445	275846408
301998	166	167457865
300785	831	1003506425
300785	958	1136288701
301998	348	335143440
301476	314	244029764
300157	375	400360848
299380	211	259450322
301449	276	213953873
300282	76	110006066
300122	392	536233001
300155	297	385806465
300636	1006	1220121823
301384	122	146543157
301392	410	402729012
301519	143	102179305
299593	880	1159622637
299370	301	378172540
301567	316	310658004
301532	451	279257175
301392	619	585483233
300236	75	97092158
301532	501	308016324
301694	102	119017432
301694	102	120325976
300226	249	320340279
301161	426	359198749
300742	255	380127755
299594	219	275921755
301142	104	103123068
300785	39	53921003
301984	80	87255568
301567	73	64335749
301567	324	318118968
301298	216	202239943
299370	611	781799596
299370	696	884122676
300401	525	614529571
299597	68	73204103
301959	788	862026294
301985	130	140859600
300464	134	194476038
301524	104	95683250
301476	790	583175502
299380	163	195812389
299481	377	447101582
300462	81	123504636
300462	82	124470992
301986	37	33723340
299370	229	277926872
299481	1218	1253631499
300462	68	102123615
300466	38	53745748
301397	467	345071010
301987	44	35366705
301165	71	51617549
300389	141	230194288
300400	643	943734534
301180	85	87060775
300284	707	918521571
301959	529	611187149
301959	593	677361706
300401	436	515656305
300466	325	427815457
301530	16	12516232
302029	72	88440093
300282	39	54183554
300280	213	254781869
300280	430	543380675
301161	243	198691774
301323	200	187206000
301449	139	109762539
300400	218	329268938
301524	42	37701319
299480	380	542156251
301447	223	202990525
300466	53	74758393
300122	700	976758688
300122	193	248539436
301283	603	507986309
301519	211	171554851
300817	208	288878831
300497	140	185319733
300459	118	152655896
300282	15	20896840
301161	410	344861078
301397	12	9135767
301397	294	216806430
301397	299	220688208
301970	65	74903803
301998	1621	1261844167
301970	60	69420120
301987	212	164177815
301987	315	241017937
299395	62	87886032
301449	238	185414658
300464	204	297066757
301985	150	162023635
301531	304	221874562
301531	206	152031586
301447	351	333319821
301959	717	796466725
299593	867	1143561988
300463	82	119452236
300466	622	771653585
301283	424	368310391
300514	64	57895884
301959	782	856658459
300466	422	545354007
299649	223	307747105
301987	61	47742633
301959	1494	1424823329
301476	723	538073162
301298	842	793205634
301998	1210	1004908269
301959	464	541737595
299593	841	1105916501
299369	57	74749464
301987	193	149373736
300785	358	468921270
301161	744	619043511
299595	5	5574999
299368	98	81647973
300459	218	323763116
300466	123	170109981
301532	203	131309432
300461	34	50615790
301998	1425	1143690088
300466	279	372331714
300517	127	156795451
301142	32	31197235
299595	66	78344976
301986	317	272360445
301532	96	63145165
300157	1014	1000022125
299597	413	437121692
299481	1116	1162870859
300466	586	732190502
301959	701	781700193
300401	99	107961680
300401	416	492731585
301987	41	32618963
301323	681	659972065
299450	45	7896297
300576	731	1081988715
299649	249	346667691
299481	571	647009793
301524	16	13870158
301986	186	165349747
299593	372	443198014
299369	205	282789074
300459	166	236937752
300785	246	328348665
300806	179	244553390
299649	304	440628137
301283	76	70972277
300576	967	1393617311
300400	84	121496020
299370	224	270216826
301281	131	94050669
301998	1518	1201209104
300280	487	630778775
299597	367	391160061
300467	516	503405523
300459	147	206456312
300459	147	205493393
301997	360	383142840
299481	222	265023834
300515	30	51577956
300466	611	760761555
301298	697	668763672
299481	773	856520958
301959	873	937765224
300461	13	17427864
299597	219	238849606
301281	73	32478555
301959	656	738213040
301986	363	309560494
300633	440	658848952
299380	89	85267277
299481	371	440802408
299593	684	884095367
299481	1105	1153352489
300284	628	825265954
300284	613	808028264
301183	291	260440751
300237	41	59086261
300280	313	387037286
301161	163	123585891
299593	633	816570820
300467	470	461713264
299481	854	937532522
300375	14	17807465
301987	1014	685470359
299395	111	165106730
301959	617	701172838
301959	617	700942816
301959	681	762816232
299480	277	399259916
299480	287	413884839
301472	574	553548543
301384	56	68629047
301397	79	60479048
301397	90	68337668
300636	826	1029373681
301959	907	967573300
300157	227	244411519
300497	43	22709622
300400	152	229565696
300633	246	377444144
301323	256	249078676
301392	372	367110494
301984	266	316644387
301998	1612	1256816871
301998	954	824436598
300466	393	509211417
300466	394	509789830
301998	1703	1306703216
300284	448	608785961
300155	971	1311495940
301330	143	139107688
301912	267	205283027
300401	223	262124014
299370	518	666404186
299481	263	314321546
300785	453	583997166
300785	498	636810485
300459	328	501058684
301330	308	313753095
300497	130	168095073
299593	244	257358244
299593	788	1032000079
301283	527	447466626
299380	218	269656591
301530	37	28856354
300467	139	143235450
301985	297	307351709
301986	208	183905584
301359	80	49361247
301986	329	282433195
299593	679	879176046
301987	1080	724227760
301664	186	163064921
301998	27	28647788
299481	648	727889477
299370	598	766623027
301323	250	242855644
300401	20	7459765
300401	406	481014307
300401	412	487689993
301298	85	50830822
299396	39	64283310
299478	18	29522421
299478	67	98594791
302526	40	37058081
302654	90	113857141
302473	346	327992476
302473	352	334081981
302229	107	108209922
302573	857	810529890
302635	1034	932434747
302596	917	1026965680
302448	1271	1322546281
302042	402	266563231
302163	630	565775253
302448	934	1030289528
302479	68	49251826
302476	123	93776630
302042	504	328851318
302485	20	27137893
302240	628	613118679
302573	805	767580059
302494	71	61601467
302240	920	851281768
302263	197	187238672
302448	901	999938134
302476	116	87934199
302573	231	243036570
302472	563	685229867
302472	616	741520581
302473	8	7966458
302479	97	91733957
302240	254	275295582
302479	215	266914305
302163	1058	885039788
302448	661	760064253
302393	75	88567449
302635	380	381824788
302526	69	65420472
302474	44	37828605
302031	237	257462422
302654	35	45352989
302031	316	339611591
302031	361	382800752
302473	124	122684684
302634	313	377086069
302634	316	380875780
302031	29	32737463
302479	247	310537032
302344	435	378388607
302484	105	142906610
302229	196	195405956
302388	626	711246785
302573	540	540587055
302526	439	397013229
302548	76	50138297
302634	53	16476565
302263	758	652729079
302525	609	721749337
302131	799	685705065
302573	735	708349389
302494	214	182256862
302573	593	586846174
302635	505	495205787
302596	636	734801699
302131	251	219035808
302448	1917	1816255722
302663	1	837571
302448	1758	1703944679
302474	34	28932478
302240	75	86941333
302448	1721	1676702196
302262	194	201631470
302479	102	98802159
302492	50	37706465
302229	95	96056803
302229	224	221076767
302485	707	811185976
302573	341	354730789
302596	509	598904683
302225	472	419819041
302448	630	727236863
302485	854	955081250
302344	267	240965673
302472	505	619370595
302448	691	791595349
302573	953	886899383
302163	118	94696116
302573	1202	1079309000
302663	69	91507450
302473	114	113123682
302634	182	206838716
302472	487	599231070
302476	236	181148885
302635	1148	1019979711
302525	29	40415218
302553	109	138129963
302635	284	290640359
302388	274	324087929
302485	790	892634037
302225	770	668359555
302393	247	284526133
302350	100	79647375
302573	1073	979513468
302654	86	109493320
302485	152	196312293
302573	460	467968964
302225	211	179046994
302043	154	88274299
302526	56	52651370
302596	331	389105780
302393	506	553892602
302573	510	513396576
302479	264	333833901
302163	106	82035587
302485	245	311944217
302472	478	588364206
302573	582	576597219
302634	60	27978974
302043	172	98153834
302043	190	108613322
302596	810	920467907
302485	753	856313147
302485	759	862864182
302448	155	177475723
302573	690	669743713
302485	376	462966363
302485	474	568205546
302484	155	215227174
302279	33	17534523
302388	575	656947221
302596	606	703457085
302448	1339	1377744426
302388	183	211976289
302525	560	670375050
302525	7	9028717
302525	7	9558589
302240	744	711038804
302228	117	69307923
302225	275	242866895
302263	756	651348130
302263	156	149827529
302525	541	650498633
302472	55	43892579
302472	75	73478804
302573	1276	1129705935
302663	114	150186758
302573	139	146647097
302635	837	776078567
302573	179	189900996
302448	1562	1553814162
302573	525	527268704
302388	382	450535195
302553	26	33526074
302448	1235	1293035273
302651	54	78181755
302572	247	282127317
302474	32	26981420
302526	445	402327081
302448	202	238992946
302479	72	54417724
302393	537	585128716
302472	60	50839754
302392	153	170518614
302031	643	645379342
302043	2	843222
302388	62	49343822
302388	180	207239173
302388	182	210458868
302042	122	84977489
302159	112	92543943
302635	1264	1105199172
302448	843	944795279
302031	178	193012475
302448	1885	1797254254
302635	1096	980410802
302393	373	418440008
302393	476	523149787
302263	18	17638001
302485	512	609944584
302131	200	169759783
302342	48	27699127
302042	25	17219206
302131	267	234298368
302225	589	519713674
302263	1173	948637197
302163	205	183241174
302525	524	632870515
302322	802	636699430
302328	548	474523866
302523	15	22313655
302485	663	767060690
302131	263	230827233
302494	383	322706328
302277	74	68650016
302229	246	241110894
302131	137	106401793
302485	128	167564192
302485	866	965752496
302485	746	850584921
302240	37	43492780
302163	1023	861296716
302328	85	43629772
302596	715	819238550
302229	63	64069489
302484	9	7331638
302484	127	174213368
302663	700	818917032
302393	421	468474642
302448	105	110554670
302240	202	223129359
302492	18	9316720
302343	77	77098200
302485	620	723113106
302392	351	436152076
302131	372	330127295
302131	702	610829759
302322	625	506889605
302337	52	23569812
302344	276	247143705
302485	560	660928751
302393	760	798630103
302163	536	486489321
302163	537	487530546
302635	453	448765350
302240	50	57898134
302393	764	801739075
302494	261	222829161
302597	311	276019919
302328	156	117443800
302131	853	725416195
302263	294	274107588
302262	386	413019817
302225	781	677256320
302229	2	1235850
302485	292	367518785
302031	808	781581679
302663	546	655066622
302663	150	195211360
302131	711	618330724
302663	216	272511570
302663	219	276327046
302165	53	31661808
302322	43	14754969
302263	207	196333001
302393	396	442443434
302392	326	405383912
302322	118	78693701
302634	430	522343258
302277	148	147756162
302240	469	477630566
302322	380	312464758
302663	667	783329038
302663	107	141136559
302448	132	146926953
302573	501	505178283
302553	47	59837145
302494	529	439610308
302263	921	773707292
302597	322	285315580
302031	600	607783907
302031	602	609234498
302448	1852	1773103300
302573	272	284872557
302597	333	295471826
303948	1039	1574258404
303832	573	713652661
303838	141	169402540
304209	208	316274339
304144	315	499340605
304144	613	1076900383
304125	74	140280243
303999	341	562034723
303999	332	548469504
303999	336	554711837
304797	1530	2453122871
303885	198	240899041
303832	287	348320020
303838	1513	1884583377
304062	900	1326624075
304144	698	1233575544
304797	1678	2605298563
304125	352	589782787
304671	233	363379947
304125	310	524533869
304366	1171	1877966761
304366	1174	1881560005
304333	1250	1940081157
304333	1394	2101026723
304333	413	610776391
304446	76	85735923
304333	1362	2065925643
304366	1391	2130968718
304333	1301	1998921821
304292	1336	1953941912
304366	716	1205933542
304366	775	1303153597
304366	1481	2227568422
304366	1445	2189334608
304333	851	1398209356
304447	48	88969288
304292	575	1067563607
304333	731	1195603166
304333	285	429390101
304366	942	1566652083
304292	1683	2252457289
304366	1043	1709337828
304292	1448	2055192945
304292	962	1568003335
304292	1372	1987768100
304447	34	61627773
304366	748	1256979308
304333	684	1113775575
304333	147	182410362
304292	635	1157651826
304292	1706	2269708755
304292	523	983633160
304333	1275	1969853041
304333	134	159693689
304366	478	779346329
304778	48	93359954
304333	479	724373981
304366	1324	2059195118
304292	1454	2060632012
304333	965	1571136434
304292	619	1133583101
304292	1248	1870546779
304366	1684	2427141057
304292	1208	1830510748
304366	556	919643156
304292	774	1346721878
304292	507	956371136
303885	1809	2148344286
303948	958	1474197932
304062	671	1020960913
304655	164	283418174
304144	2477	3224592332
304797	1182	2044971772
303885	716	1026058362
304797	368	664623104
304616	521	851100571
304797	1881	2788992136
303885	113	98212768
303885	230	295415049
304062	316	469901338
303948	550	889661654
304125	1518	1867195025
304625	218	286785600
304797	1240	2119170543
303885	1612	1991160125
304738	116	205166322
304144	1626	2493983265
304144	1085	1846795587
304661	166	238619482
303838	1868	2165512048
304292	1802	2346737177
304797	1617	2543789200
303948	760	1203518770
304062	1792	2215296702
303832	1760	1776427094
304797	1466	2383363234
304125	804	1182016855
304158	1765	2039505086
304125	1746	2047658558
304125	1144	1535145504
304562	70	47877215
304671	185	274938949
304671	185	274610830
304671	254	399829960
304062	620	949479228
303838	1338	1729510232
304158	769	980385975
303832	1881	1860827134
303838	864	1231372496
304209	309	515793477
303832	571	710858342
303999	98	174229763
303999	55	97696394
303832	1707	1737593395
304738	229	401492771
303948	575	926359135
303885	944	1317067182
303998	133	150393594
304671	70	61010028
303999	180	311112559
303838	419	629205860
304062	270	391060714
304062	708	1073085427
304797	1307	2201679465
304125	948	1338525175
304777	370	618466842
304506	61	106974440
304508	256	399048521
303999	10	17684624
303948	86	60694179
304333	248	370221368
303948	1443	2013340714
303948	789	1244896117
303948	779	1231331340
303948	1311	1877850919
304797	1818	2733167299
303885	1273	1673084522
304292	321	647534306
304062	1462	1929262219
303838	2038	2288366586
304125	925	1313722308
303832	639	788772893
303885	86	50258816
304333	1642	2344679054
304209	280	457864205
304209	281	459909122
304366	93	139058908
304125	1023	1416604216
304062	219	300456522
304209	346	586162822
304125	171	307984697
303832	1136	1283771235
304366	246	416429250
304062	1189	1653759617
304354	172	183915968
304158	1208	1522086304
303999	472	757939067
303998	178	240423610
304125	800	1178187610
304062	1882	2287823788
304144	107	88810100
304144	112	97413365
303999	678	1026537108
303885	1216	1615704811
303885	609	876798825
303838	577	858521374
304062	581	891612087
304200	244	463429265
304737	127	131217493
304158	1283	1599252801
304062	542	834259284
304738	146	258421759
304797	267	489295811
303838	1316	1707372274
304158	945	1211387732
304144	307	483933372
304508	1102	1339681467
303885	1857	2186091301
304125	124	229118842
304062	845	1257677167
304062	57	8544194
303885	1014	1398022038
304125	1174	1563373194
304158	1044	1336835428
304062	551	848047320
304144	1817	2679459974
304616	935	1527956460
304797	434	782270821
304119	112	121272942
304777	384	644091313
304125	797	1174320156
304169	55	17960026
304062	1973	2358421043
303832	879	1041688761
303832	1311	1432387254
303825	69	58234413
303838	1117	1510575358
304797	716	1305393287
303885	271	364317846
304506	168	288034635
304125	325	549014921
304797	485	872067347
303838	1196	1590799037
304125	180	323376583
304797	561	998960808
303948	1136	1686916696
304616	359	568568473
303832	383	477343046
303832	366	454790751
304797	752	1370495921
304125	1583	1919010696
303885	879	1239417043
304354	83	21232205
304125	827	1207540599
304120	172	328410686
304120	180	343955333
303885	921	1289611613
303885	1418	1812598995
303832	1734	1757201793
304158	511	603921981
304158	854	1095592940
304209	322	541208299
303838	336	501197990
303948	982	1503092463
304777	185	321039916
304777	204	354049939
303998	233	348777285
303998	235	353576723
303998	236	354197005
303838	1519	1889398982
303885	369	522023448
304125	380	632303833
304508	223	350185289
304797	1251	2133954210
304797	1261	2146300261
303948	228	336695857
303948	316	492704587
303838	451	678051276
303838	409	613697393
304062	1568	2027160781
304366	98	148586220
304144	179	231900577
304777	403	675190661
304125	1210	1596703354
304797	901	1627868233
303999	636	977247852
304738	582	996079212
304158	394	417093072
304738	1064	1773885229
303838	173	225135025
304200	3	5391774
304671	211	322009633
304655	490	755912818
304204	600	978474836
304144	1625	2492660814
304671	886	1470534040
304169	329	505425998
304562	293	426758012
304204	404	639674282
304562	559	912316840
304738	1145	1879680608
304738	1376	2152904442
304144	892	1555074543
304200	259	490596609
304209	128	168854937
304506	157	268509055
303999	190	328253754
303885	389	552941721
304616	511	830160329
304158	324	303305189
303885	1133	1529509277
304508	1116	1351682541
304204	563	919740334
304778	1099	1549002480
304778	1108	1557999484
304778	1095	1545614606
303999	739	1097294636
304655	470	730950672
304447	985	1622717204
304447	969	1601993018
304169	521	819518576
304169	1111	1562452712
304562	612	1018563915
304169	228	328324564
303948	289	446175143
304671	224	346207251
304508	751	1004116933
304447	1440	2133714810
304158	1381	1695902015
304625	206	264946877
304158	386	404174572
304158	392	414374659
304655	1070	1386234585
304292	599	1102838256
304169	160	199293983
304144	439	727159588
304616	633	1055684901
304625	474	719311045
304654	485	764074711
304655	821	1141908510
304562	551	896580084
304170	449	396092619
303948	362	573909044
304663	184	326009144
304663	676	1143510284
304671	116	147525974
304158	1761	2036043592
304778	393	691566695
303948	730	1158481654
304200	251	475543573
304654	279	450774567
304671	447	715869290
304738	998	1685003601
304662	126	207785211
304333	1437	2146592928
304616	284	435499427
304616	164	239044440
304625	396	585320169
304778	1049	1500472366
304562	770	1322210147
304562	775	1331327119
304366	1040	1705867322
304204	147	172164275
304169	1226	1682002391
304616	434	692362290
304663	432	767023865
304663	611	1048732962
304738	379	644304192
304508	9	14073063
304292	1611	2194533318
304447	501	892526900
304144	1738	2604548174
304144	1225	2040139483
304654	292	463291319
304144	1178	1977035553
304144	1193	1997917130
304120	36	63156290
304366	323	532946991
304062	890	1313924291
304616	749	1249072988
304447	373	658134702
304671	781	1295158937
304671	783	1297768748
304204	515	837764514
304144	2237	3041510395
304738	1541	2326052210
304738	1593	2377469471
304447	1636	2314457049
304062	462	708954218
304447	1206	1884516069
304169	1427	1881382331
304144	2344	3126208574
304169	1467	1924115459
304144	767	1355297845
304144	768	1357507523
304169	631	983604117
304292	178	366712041
304562	237	328972455
304144	2154	2975512502
304144	2229	3035769469
304204	393	619404323
304158	174	45116568
304671	547	876732431
304169	1433	1887223166
304738	601	1031558497
304738	608	1043712074
304738	260	444860569
303885	996	1378022845
304169	1244	1700283953
304738	1188	1934451706
304062	431	660095575
304204	596	972465586
304738	1675	2458916921
304655	811	1131445697
304738	1050	1754810361
304204	209	277781151
304447	908	1520636519
304144	1486	2346514532
304447	340	590021738
304144	1313	2152376310
304778	1135	1583147582
304663	186	330026937
304663	189	335085772
304663	190	337097213
304200	196	374453030
304204	546	890424899
304616	172	255353313
304508	984	1234896934
304200	53	100963555
304562	740	1267349062
304654	303	482866265
304169	75	39138033
303948	656	1046842310
304204	119	119064232
304158	1020	1307743513
304158	1574	1878028517
304158	1081	1380945657
304354	168	176745626
303832	1860	1846103747
304062	1674	2118795067
304062	1766	2195510119
303832	605	750173932
304158	235	147709703
304797	666	1209612389
304655	1008	1329677805
304654	135	186348889
304778	429	745824374
304507	184	221292499
304671	1066	1738007590
304671	616	999418310
304158	234	146714713
304158	1534	1841395130
304204	107	95388447
304738	166	293464592
304158	1665	1957159363
304447	83	152844457
303999	406	662040019
304663	47	83050118
304778	137	259716528
304169	460	719628140
304506	302	487127966
304506	305	490799796
304447	1223	1904222561
304671	64	49126433
304778	242	443199641
304158	1881	2131514065
303999	656	1001233877
304616	299	462549446
304738	317	541861819
304366	1291	2021530176
304169	757	1151835566
304333	1198	1879724507
304663	524	918297256
304447	732	1275015598
304120	159	305717457
304663	577	999892663
303998	110	109955202
304738	831	1426844288
304654	551	848518838
304508	710	960452543
304777	82	140322386
304447	896	1504026585
304797	60	85102940
304625	297	424440692
304625	322	468113505
304663	302	544327945
304447	1504	2196748285
304654	329	528986785
304366	1460	2205292935
304797	133	229852836
304447	755	1309936631
304797	2013	2904661520
303832	119	99781428
303885	545	785667517
304797	2178	3042407331
304062	225	311204971
304062	410	623216004
304062	557	855626030
304738	1139	1872735498
304655	33	59014028
304170	371	333237823
304740	19	19461493
304738	1658	2442039865
304170	201	185713705
304778	475	814446142
304366	1412	2154703553
304655	943	1266919936
304333	608	972400441
304158	1628	1925592423
304508	125	199801024
304655	422	669103051
304169	84	55304686
304777	7	11038256
304661	115	141758227
304144	2207	3017747809
304144	1432	2287772920
304144	1780	2645216923
304169	435	680195731
304671	530	849998849
304671	527	846117274
304447	334	577767329
304144	969	1676236578
303885	754	1078472819
304777	15	25451190
304144	502	853971544
304062	1074	1530976178
304447	809	1386311048
304447	805	1379397910
304508	121	192534306
304777	106	183084835
304144	1381	2232070314
303948	950	1463626372
304170	438	387047880
304655	313	512016475
304508	372	559865709
304447	1273	1958400208
303838	1269	1661964703
304170	59	55747624
304662	48	69359564
304616	945	1541662450
304616	946	1543159412
304738	804	1382478508
305112	126	125953843
305188	691	1068283792
305314	372	408799336
305314	377	413672591
305044	79	127063042
305045	438	740884798
305188	358	596867379
305186	374	609968056
305112	1124	1920806313
305045	317	549913560
305178	96	78258508
305248	19	31407341
305814	458	719516904
305862	279	410060718
305821	295	479801592
305898	89	70648743
305821	708	1183621069
305814	102	60752939
305814	104	65399929
305814	1595	2633128683
305766	263	434923096
305840	928	1570192054
305814	712	1158637244
305862	217	291822310
305059	424	589343440
305064	1383	1798222236
305045	374	642178641
305207	136	170717383
305202	420	626151052
305064	1246	1675527176
305636	2091	3385878831
305840	854	1471355805
305840	464	853224865
305814	1260	2139856314
305862	341	529977461
305842	63	75799637
305821	191	288283766
305840	68	126200155
305809	168	243681863
305809	85	89102252
305821	753	1267117573
305814	464	730258271
305840	718	1275160946
305814	418	651630755
305840	47	87158205
305766	337	577284522
305840	1095	1786988984
305207	548	862650003
305064	1037	1471031157
305045	325	563596766
305045	413	702019612
305809	160	228742480
305821	398	669541507
305766	65	40301688
305821	654	1097399653
305862	619	1019425041
305814	1390	2337801897
305821	189	283289107
305898	288	435837323
305898	713	1167780329
305766	662	1158573514
305766	690	1210182742
305766	690	1209009302
305766	785	1392861343
305821	249	396804138
305840	98	182531029
305840	193	359363015
305902	188	260016850
305840	997	1659367177
305766	274	455665361
305202	552	841038838
305044	144	233425990
305044	164	266376023
305237	548	1029284347
305898	370	583322869
305898	616	1001518258
305902	151	196740734
305809	159	226560381
305766	489	862255237
305044	48	74647948
305313	124	219796159
305341	192	324371394
305188	291	498221357
305766	447	785366850
305766	168	248941313
305821	148	204848256
305898	301	459023511
305809	126	165650222
305809	126	165549584
305636	459	781511645
305898	111	111933999
305898	212	295472462
305766	129	171226436
305766	141	197114336
305313	403	692614552
305081	783	1326863689
305188	751	1146407252
305204	540	890295632
305207	78	69977503
305204	511	848579800
305114	338	366921929
305114	391	418196646
305064	1465	1867286403
305064	566	908067504
305183	28	47938805
305046	120	135791877
305064	194	318471477
305202	698	1093497625
305208	238	388824670
305202	514	781868110
305183	168	281582415
305204	111	185655074
305204	362	613950091
305045	702	1132710344
305207	490	768420031
305247	336	559904898
305248	579	1036772294
305064	783	1189393664
305064	788	1194498782
305636	2262	3571135722
305064	1837	2155458308
305046	584	593334730
305207	745	1169967876
305207	745	1169883129
305207	234	344131658
305064	164	263797699
305046	181	200391582
305046	182	201866942
305204	909	1352210898
305064	1906	2205197072
305204	1023	1476665444
305112	303	469040732
305186	162	253847773
305112	476	798875892
305112	1369	2266719341
305064	1537	1924917882
305045	205	370032381
305112	1270	2135065238
305188	772	1171256297
305081	616	1056297995
305248	910	1573045871
305636	474	805011710
305202	175	207128719
305064	938	1365444450
305112	1466	2384898243
305204	658	1047794840
305045	678	1102256796
305207	212	304940820
305045	39	69828346
305064	2013	2278933764
305188	72	130016400
305064	987	1417326822
305045	277	483905889
305112	636	1084084780
305188	715	1100802461
305064	624	989437794
305247	364	611637350
305114	389	416735138
305081	416	701447079
305207	114	131849268
305590	264	368951224
305114	498	513539648
305341	76	133629335
305112	1104	1887679931
305112	663	1131118544
305064	211	349057939
305186	40	48048490
305112	1177	2000237138
305063	34	43507710
305046	112	126112780
305204	455	763886741
305207	554	867839290
305341	394	667406639
305112	243	352815051
305636	830	1455860429
305183	140	236602432
305202	565	856648570
305252	208	255071646
305064	897	1320166384
305311	10	16933873
305064	285	473754851
305341	376	633835444
305636	673	1148774372
305064	176	285380594
305046	454	471538250
305207	669	1045857892
305237	193	375062516
305207	333	509111382
305207	337	515148827
305081	111	118186304
305114	162	184403959
305081	1037	1760082856
305636	765	1331336044
305064	1547	1933025528
305208	81	140419079
305045	470	792789186
305188	556	878313111
305112	275	416022107
305237	403	772502174
305202	206	259389079
305202	413	613418865
305207	498	781144766
305636	1394	2478123417
305636	2033	3322039168
305112	1169	1988803001
305204	788	1210300250
305237	520	981163448
305252	234	285467125
305064	1480	1879507992
305310	177	255755995
305064	1198	1630178102
305248	395	709483544
305365	59	102033788
305902	508	801650175
305902	413	648412244
305252	329	394405827
305252	332	397775999
305590	666	838986761
305237	405	776552100
305351	391	669745869
305518	1091	1717904186
305366	143	253748741
305902	251	371828578
305406	548	1011275864
305377	571	1025071978
305314	203	236630851
305586	378	638963638
305898	418	667625110
305590	111	160891316
305840	646	1164471211
305586	86	92441227
305589	369	705183608
305590	603	772057755
305840	176	325984372
305377	280	505642186
305351	792	1187269603
305207	611	952533589
305186	359	586797125
305842	527	573547042
305313	215	378660630
305377	538	977148577
305365	730	1225446812
305365	732	1230633774
305365	747	1258130330
305313	188	331718165
305517	21	31207097
305310	192	283896469
305377	975	1805294315
305902	475	749998725
305406	1268	2068674890
305248	453	819043965
305248	457	826261354
305842	141	165247230
305366	783	1152563461
305365	167	284874073
305313	513	857317245
305336	119	172652031
305336	122	177579675
305898	773	1275190023
305440	208	350270749
305365	85	145624735
305518	252	480313832
305351	746	1133941961
305636	907	1607047731
305113	20	16339290
305590	44	64732565
305840	216	402604844
305377	1165	2108970701
305516	72	71999718
305518	492	894218819
305237	340	655367363
305248	779	1376871377
305314	398	434865202
305440	193	323871813
305440	193	323981607
305898	659	1075627891
305516	447	743745212
305902	303	460913964
305312	38	65671490
305898	383	605083407
305441	73	124050942
305366	204	358595296
305898	631	1027633947
305377	351	646282935
305313	17	32162142
305440	215	363911599
305440	225	382400555
305516	153	209568393
305248	26	46013235
305406	1137	1904962602
305586	406	690996511
305247	208	315100976
305832	144	144423902
305247	159	219585559
305589	549	1020517195
305590	835	1025903520
305636	1836	3088661142
305179	7	10752096
305186	350	571590979
305377	390	708468218
305516	58	47892758
305516	82	89485649
305377	1504	2559305523
305377	860	1592892312
305518	546	981768705
305406	254	461357804
305377	831	1533775858
305406	1415	2239565684
305902	443	698607467
305898	392	620466897
305237	843	1579570359
305590	391	527615444
305405	83	148733640
305517	99	180426445
305636	416	702259025
305237	187	362381179
305518	954	1550725701
305405	282	508672913
305405	108	195800749
305366	88	155271060
305377	1259	2243106501
305064	1125	1560528984
305064	863	1282485864
305366	751	1115899385
305377	867	1606044804
305516	406	668505325
305902	313	479138891
305862	101	66300103
305237	280	542979431
305516	244	368012430
305248	617	1102577179
305516	255	388270650
305365	443	723616490
305586	422	720325352
305589	592	1089838530
305636	443	751772398
305518	651	1138438538
305366	381	642061381
305366	382	643250182
305898	547	892565547
305898	549	895439102
305516	264	405796987
305516	265	407195617
305832	193	239710488
305377	790	1448595252
305377	803	1475204854
305338	15	26570837
305341	319	543031917
305440	204	343913733
305237	981	1848112558
305840	486	894631436
305586	54	33888646
305365	144	247753219
299062	45	79213242
297486	363	594612716
297219	2027	2958156420
297562	159	263827329
297178	868	1054520015
297563	155	214485750
297665	115	193554388
299096	88	149751729
297603	135	232706283
297411	728	1215607740
297488	394	430260258
297050	137	176562323
297604	385	615061740
297620	205	291752246
297606	191	241415572
299096	33	53433245
297488	303	338525180
299065	242	355045882
300576	269	414946803
299481	72	86161999
301959	1870	1673565222
300558	262	371411056
300558	109	144553602
300558	233	329581651
301665	257	219075199
300240	60	48896329
301450	76	52412958
300236	22	20552179
300155	350	459165606
300155	136	153394751
301323	891	840043486
300636	570	740040347
300515	391	647374784
300238	189	183906624
300240	77	64983997
300560	197	233472845
300636	731	925389315
300123	440	484708884
301567	209	202410579
300576	622	927963347
299450	82	65480017
301986	82	74588677
301914	278	185331582
301142	554	470110237
300123	414	457525351
300785	96	130319878
299480	487	691537433
300237	115	169294747
301142	782	624087082
299480	123	182441692
300780	172	247581182
300123	398	441133717
301417	113	89859230
300785	945	1122839281
301392	175	180250108
301997	260	273488890
300389	103	154849688
300466	591	738185702
301531	206	152414276
300576	570	852630663
299593	843	1108864569
299369	93	127417592
299369	255	342377054
301330	101	90728682
299593	553	706649440
299480	386	550465529
300576	910	1319616841
299649	300	432846798
300633	235	360584157
301142	567	479663626
300237	241	342051229
300467	501	490292208
299370	642	820196475
299481	617	696488323
301161	97	56770586
301987	604	439091985
301998	917	796789310
301987	1054	707952896
301986	89	81192443
300401	172	199590940
302344	427	372166951
302573	243	255204544
302228	72	20789478
302573	1181	1063864043
302225	717	625978977
302596	469	552518721
302448	848	949646464
302635	399	398912570
302597	577	494533646
302476	181	139124250
302163	850	738196982
302596	444	524627713
302635	966	878868413
302472	794	928050091
302448	247	294244685
302573	297	309791851
302663	560	670905177
302031	462	480315621
302388	550	631204866
302494	472	394341902
302525	522	630613732
302328	321	275403154
302597	285	253724560
302240	189	210214219
302448	1466	1478831523
302654	180	224017704
302448	1735	1686757048
302573	1222	1094287985
302472	708	839864220
304797	1952	2852020407
304671	771	1278069345
304366	516	842156426
304292	1386	1999766577
304562	117	134447393
304292	742	1306919257
304125	1416	1783451455
303832	1780	1790247954
303885	1762	2112746306
304446	79	91034694
304062	1174	1638232902
304506	69	120100228
303832	1847	1837525068
304158	768	979046258
304158	998	1280417112
304158	1133	1443444469
304125	178	319638984
304616	853	1408884619
303838	1708	2043592506
304366	282	477842450
304144	149	170913235
304062	231	322372446
304209	361	613901364
304125	618	953559367
304366	135	216016250
304062	60	11426261
303838	517	771191957
304625	302	433026936
304158	566	692658968
304797	2908	3547295213
304797	1495	2414885916
304797	354	637574428
303999	142	248004715
304209	83	75513200
304655	264	442145589
304144	2068	2904080593
304447	1554	2244749365
304062	1712	2150587671
304663	357	640775803
304062	1246	1713097365
303948	357	565418972
303838	494	739292118
304616	904	1485022977
304292	929	1533255064
304506	344	548958961
304158	1586	1889132260
304738	521	881838899
304508	987	1238109686
304562	726	1240082561
304144	2170	2987965543
304292	78	163064341
304506	211	349947825
304616	502	813298985
304447	621	1095500817
304158	1098	1401774153
304663	395	704605211
304125	1428	1793335049
304366	1165	1870470817
304778	953	1403666129
304655	300	493511767
304797	828	1506985752
303999	28	49625778
303885	787	1122295796
304738	644	1109063042
305821	348	577551038
305842	652	696131679
305814	780	1278465621
305248	37	65048647
305183	12	20692209
305081	324	529374873
305112	1513	2439646641
305186	198	311043407
305314	60	72193718
305081	614	1053495345
305202	579	877257219
305336	190	306388984
305064	536	866980280
305183	151	252851208
305064	1301	1726224520
305045	267	469624190
305178	118	117879406
305207	1062	1731650713
305113	60	63717925
305046	388	410320777
305636	1482	2610792593
305202	499	756756529
305237	308	595813500
305310	62	32485215
305406	174	309125257
305310	404	680705081
305862	349	544666939
305351	105	189895356
305441	47	79218627
305518	295	557189403
305336	207	338278496
305862	363	570786883
305636	420	710365499
305377	349	641831662
305351	126	226061325
305313	671	1068350831
305341	96	170233054
305586	126	164665989
305248	620	1107766344
305589	386	735879594
305358	173	178388130
305377	356	656417245
305237	979	1844423093
