297227	89	64911753
297603	402	724597337
297487	531	681749143
297219	1164	1959797910
299065	123	188234150
297114	140	239176045
297487	190	253029483
299149	285	374982001
297599	82	127276429
297505	203	307486500
297487	518	665958428
297656	428	709492665
297487	572	730810961
297178	693	866248061
297557	386	642751123
297292	415	749767062
299329	40	69613410
297433	129	201374857
297431	25	45502428
299065	141	215754645
297101	206	289516753
297296	312	449290467
297100	222	410280242
297487	226	300474871
297411	434	698849884
297411	671	1118749756
297675	320	548846993
299329	152	257520651
297665	85	142494976
297100	129	232755404
297292	112	209037776
297674	55	89923639
297219	610	1145549737
297558	246	404361540
297674	48	78382139
297503	114	216193261
297219	638	1191541861
297467	59	62477217
297722	179	246651461
297722	180	248658773
299061	323	471953478
297219	1389	2247701989
299184	330	544089556
297620	89	98328056
299178	79	50781597
297563	234	318034564
297219	1773	2691538154
297722	78	61844374
299184	370	613007840
297604	177	292166171
299064	17	18117451
297675	302	518548121
299065	228	332992742
297484	17	33720069
297484	192	365156702
297723	141	262359104
297219	396	781651585
297411	442	711380937
297665	103	173939424
297620	308	453044639
297486	418	677611733
297424	90	117405443
297503	697	1269132648
299593	775	1014198526
299481	352	417976709
300811	406	674954745
300122	272	367195053
299369	172	238270018
300467	371	369375989
300157	943	936611401
299370	126	137795132
299480	580	822399495
300817	273	381902956
300157	1015	1000854916
300122	810	1111441685
300122	1262	1695468339
300237	543	752606328
301323	334	330391454
301330	254	258595294
299395	132	194324947
300226	388	535617470
300122	200	258291147
300389	78	103648699
300400	224	338421392
300466	214	289170844
300400	616	908307287
301323	582	569707487
299478	52	79293816
299597	53	57054535
299597	65	71489016
300785	1070	1246695113
300155	296	384267656
300812	15	23107784
300400	152	229551381
300155	240	301537340
300122	819	1123711076
299481	166	198165860
300400	580	856359926
300122	1205	1626456785
300817	303	425005225
299480	247	358409536
300157	884	883285201
300238	288	289940963
299380	51	22733807
300284	444	603770841
299597	391	415191427
300240	321	286250202
300811	382	639254110
300280	469	604075829
300280	491	637637379
300400	645	947000911
300284	532	713789678
299369	267	359213317
299370	328	415829693
300777	471	727684973
300284	513	690095791
299593	486	613641143
300284	500	673119534
300400	370	546162198
300235	83	128467136
300464	245	355406329
300280	266	321780563
300157	593	616757548
299381	2	1766338
300122	349	476692247
300122	289	393192911
300122	791	1090204044
300400	270	405121299
300237	639	870854820
299370	163	179175861
300280	494	642360641
300122	924	1276163521
300155	685	921857576
300280	301	366428388
300631	186	225421967
300785	73	98883001
300576	432	650941803
301392	17	17044155
301519	162	121802919
301524	88	81278754
300515	458	749537233
300675	9	15703148
301165	55	40062201
300515	639	1021221835
301384	185	216614950
301384	282	319252733
300515	225	387153209
300785	314	413277801
300576	248	383184822
300515	450	735927347
300459	177	256371500
301987	65	51200888
301142	414	366530016
299481	847	930846849
300236	102	136680024
300123	578	625151629
299597	395	419230903
300237	17	24295904
300817	167	233265668
300742	233	342415398
300497	139	183267226
300576	947	1367839401
301392	548	526346818
300631	171	198680652
300777	96	123690975
300777	193	291278795
300742	91	78350378
300560	701	779229643
300560	712	789700592
300785	306	403867757
300515	200	345415315
300576	297	457067246
300576	446	671500882
300466	298	394434263
300560	178	213450193
302029	15	18474458
301384	473	511150546
301161	471	398983088
301997	79	56378026
300576	856	1250616738
300575	17	29011957
301985	63	68190509
300806	51	19693572
301524	63	57626119
300515	276	470044836
300811	98	159731880
301161	250	204407348
300633	267	407420934
301384	394	433314904
300515	960	1487940380
300400	127	189556694
301183	88	77895593
300633	332	502511387
300497	77	85183004
300558	491	685732311
300785	99	134689153
300155	650	874544350
300122	583	814001928
300400	103	151115799
300283	12	18242985
300459	294	446354264
299594	190	239975053
300636	1559	1735665030
300636	917	1128122625
301959	460	538018751
300560	554	630745256
301997	196	199305956
300466	328	431994454
300576	723	1070215583
300576	726	1073876665
300517	577	670777386
300636	691	880741729
301142	162	157736589
300558	46	58637480
301283	662	553544213
300558	507	705998877
301694	80	81919968
300636	486	641516705
300742	245	362622270
301281	116	78497514
300560	232	275594247
300576	793	1168995003
301330	330	336603945
301384	260	295702284
301283	14	10887763
300635	167	229633317
301997	239	249203320
300155	912	1235076653
301987	423	317326362
301531	4	2601267
300635	59	83272516
301529	3	1879530
300558	213	302240818
301987	336	256111580
301142	363	327477706
301359	226	220027955
300155	508	679763596
299380	210	258843413
300235	106	162088669
301323	820	781553464
300811	435	721758040
301330	244	248247703
300280	415	522061289
299478	27	43351933
301567	202	195590988
301472	215	196653369
301627	620	533009090
301959	144	161858922
301959	969	1019307034
301519	80	38103703
301532	64	41776243
301475	5	3492078
301461	527	505838326
301449	284	219919899
301476	445	342586899
301665	37	33636881
301475	12	8533477
301448	97	84799761
301472	762	722454329
301960	92	54072247
301627	195	160459925
301397	387	286572953
301417	279	288756998
301998	610	556437354
301532	536	327217303
301472	737	700170996
301449	81	63352234
301448	200	173522792
301914	78	55135455
301476	738	548568097
301476	13	10477192
301472	179	157630763
301959	1269	1259038312
300226	108	100034581
300155	653	878895708
300122	802	1100993062
299593	792	1037011623
301323	707	682854584
300235	144	219737558
301998	463	436079058
301998	551	509425720
301567	201	194561990
301959	313	371287015
301448	46	41684821
301476	421	324327715
301448	71	62922658
301998	1590	1243850736
301532	563	342188656
301970	121	141254303
301665	206	177196880
301941	182	173005003
301998	1040	887293105
301941	187	177445385
301397	711	511344787
301472	375	360065493
300466	74	102447079
300155	1096	1471764773
299595	81	96571514
300236	118	159257849
300464	163	238535271
300817	122	168750542
300122	346	472427453
300235	139	211393743
300464	150	219176655
301323	343	340452053
300122	157	192722010
300122	171	213106871
300806	87	83195491
300812	32	50067347
299593	358	421415555
300155	137	155681865
299369	190	262038135
300284	3	2055933
302448	433	514247810
302473	74	74315493
302031	242	262640585
302262	248	263064699
302573	181	191989947
302263	1119	912562289
302280	1	233587
302392	140	150551920
302485	657	760836979
302163	476	433374639
302225	415	369251630
302393	334	377209805
302485	151	194967001
302485	396	483999126
302131	595	524899644
302472	323	405672440
302572	187	214528815
302474	145	123460861
302476	25	16753705
302328	56	11910092
302485	44	58493555
302393	634	680230058
302393	524	571811536
302031	749	734781996
302229	449	418602472
302263	562	496480145
302163	1194	973611893
302131	789	678151854
302485	300	377462117
302572	50	55202085
302277	44	34494760
302263	143	138816891
302485	598	700960568
302350	3	1748800
302635	846	783161117
302388	310	367541475
302322	541	443044750
302322	543	444730917
302388	697	779899800
302225	595	525261596
302448	1258	1312261532
302523	30	44789676
302663	541	649828923
302388	322	380916656
302472	107	119907229
302228	238	210032054
302031	634	637426954
302277	153	152808296
302597	18	16923269
302525	341	433731598
302597	812	681904689
302663	488	589431508
302634	256	304236539
302573	978	906035412
302596	479	564762213
302663	598	712983184
302654	135	169048838
302596	323	379236782
302573	1207	1082455408
302525	376	472415345
302654	193	237755925
302596	508	597317829
302573	525	527357532
302479	285	362061058
302131	305	268784774
302485	86	114310415
302573	471	478308553
302635	961	874429046
302663	147	191614702
302597	712	603832878
302663	170	219154741
302597	563	483359366
302634	361	436617552
302663	91	120879040
302635	1046	941815787
302651	33	47302119
302525	255	330484342
302597	366	323174619
302573	908	851290964
302553	120	152385468
302476	156	119205758
302043	91	52237281
302479	107	107914050
302263	855	725665067
302634	416	505623859
302031	203	220340588
302229	430	402463519
302472	400	496397665
302472	538	656956159
302474	293	241066563
304508	1154	1383157669
304662	53	76949652
303885	160	172577155
304169	103	91668701
304507	113	129629320
303885	1660	2030334210
304333	1375	2080466979
304062	274	397821517
303838	1466	1844472812
303838	706	1032317292
303838	1718	2052053527
304797	1328	2225931736
304333	759	1242533749
303948	232	340150602
304169	512	805660537
304292	1706	2269711469
304333	615	985584452
304292	848	1438827902
304292	1391	2004289747
304508	618	861176068
304144	1826	2688150152
304797	1601	2526871677
304144	1022	1752484298
304292	687	1232829654
304170	567	486085427
304158	802	1025620259
304333	1000	1619828919
304366	552	910826139
303832	718	875175202
304616	503	816166964
304062	1337	1807572992
304169	1482	1939313504
304292	1662	2235914456
304292	709	1262450876
303832	202	223699418
303832	511	639822976
304144	560	970486454
303885	206	255009192
304797	786	1430670813
304169	1607	2068069623
304169	869	1289255299
303838	977	1360054111
303832	1701	1732785407
304506	219	357143969
304508	603	844783840
304333	567	896546690
304144	389	630270667
304200	33	61552469
304333	222	323144344
304506	9	13708342
303838	769	1114864895
304204	234	317446279
304158	1169	1481643544
304366	1323	2058197749
303838	1227	1620689440
304169	192	259687769
304169	113	111164685
304508	878	1132894677
303838	1354	1744670582
304797	453	817743731
304366	775	1303067900
304797	1712	2635681024
303948	1587	2148819412
303948	1570	2132853410
303948	788	1244086592
304169	485	760924497
304144	979	1691107377
303832	1284	1409952249
304655	559	843499890
303885	1037	1424514823
304616	371	588971093
304616	613	1020774795
304671	338	536974768
304119	117	129881035
304119	117	130150719
304204	58	14336738
304655	372	598840384
303999	552	870952059
304447	838	1426186586
304125	1584	1919971566
304625	308	444623680
304366	383	627099548
304508	760	1013390654
304777	406	680291441
304778	289	523191775
304120	182	349449092
304125	15	29097463
304671	228	354784313
304655	688	994276432
304655	54	93927499
304663	131	222862974
304663	133	225666795
304738	157	276591423
304663	416	740010332
304200	84	162170993
304797	1288	2179247931
304797	1290	2181537018
304125	105	195837343
304144	1093	1857555438
304738	44	77773978
304125	1268	1651440824
304333	1483	2196046289
303838	1374	1763218006
304797	757	1378334408
304144	2106	2936294094
304508	628	872706678
304738	1386	2164029848
304209	270	437767305
303999	164	284644032
304663	66	113129436
304506	78	135418915
304354	131	112463381
304625	188	231920170
304508	906	1160155854
304125	646	990500536
304144	2350	3130831281
304144	1193	1998200116
304333	936	1528894989
304655	460	718266021
304671	860	1428155390
303832	1653	1696985323
304562	458	712297454
304562	461	717548539
304562	728	1242874222
304654	229	365454203
304292	340	680087859
304777	372	622760810
304655	263	440509518
304125	298	505380648
304366	272	461042727
303885	1550	1936721072
304508	800	1054883313
304333	207	294963605
304447	166	286157918
304333	1185	1862787118
304447	199	338701168
304170	527	456035801
304144	316	502257900
304654	500	781554407
303838	1075	1467745280
304562	547	889017217
304125	1399	1768188512
304209	329	555228537
304209	76	63451155
304447	380	671881636
304366	309	518325740
304671	711	1175288117
304616	556	916318870
304366	1679	2422394485
304366	59	75380050
304209	279	455813012
304062	876	1296133510
304125	829	1210470357
304366	319	525812050
304366	357	585366431
303948	677	1077510995
304654	73	66817836
304125	796	1173240036
304447	1485	2177874818
304616	350	552836653
304654	355	572099474
304144	2089	2921725504
303948	552	892551683
304616	565	932522110
304738	29	51707130
304200	321	594636000
304209	201	303757134
304671	153	214404136
304200	128	246689202
304616	440	701959741
304209	209	317891140
304125	1294	1674794624
304654	105	131543011
304292	1718	2279729314
303948	295	456972721
304738	1459	2241067471
303838	456	686297215
304778	811	1251831309
304778	1058	1509822155
304778	274	498007937
304738	338	575082154
304778	642	1046402449
304778	1222	1662626023
304333	1157	1827674259
304777	77	131433451
304738	636	1095131342
304778	657	1065354048
304778	616	1012086073
304333	1274	1967964342
304169	246	362845317
304797	2898	3540631088
304506	74	129151445
304292	626	1143404031
304654	418	673891373
303832	261	312362411
303832	383	477327057
303885	1459	1851882388
304158	1387	1702290285
304062	112	97855533
305237	34	63192401
305112	1404	2310776377
305112	672	1145073309
305207	565	877258766
305248	935	1608838579
305112	1241	2094745818
305059	365	503791960
305336	149	229720773
305590	968	1168620711
305112	1229	2076744417
305081	756	1279779407
305188	922	1355016281
305064	1586	1963471868
305188	311	528196455
305313	639	1026883920
305336	198	320617457
305059	301	407075690
305112	369	595281049
305045	370	635240754
305081	474	804681518
305064	795	1203430892
305045	337	582347614
305188	303	516406590
305112	1492	2416467226
305314	24	29093821
305341	51	89992420
305341	67	118658470
305237	1089	2033280569
305188	862	1284149746
305237	58	107655875
305237	949	1787511348
305204	560	916430529
305059	508	716314795
305081	551	934975724
305064	1035	1468620732
305183	181	303764607
305350	1	1325070
305064	1068	1503549234
305064	1006	1438536354
305064	1011	1443838570
305207	698	1094507685
305046	529	541939683
305045	267	468656060
305636	567	961394913
305186	345	562791652
305636	952	1699176849
305202	356	518651887
305336	179	285052934
305112	154	178454803
305248	396	711409405
305204	378	641456618
305636	277	441055629
305112	680	1156198799
305186	315	512021330
305247	347	581888078
305045	98	180374631
305183	39	67133128
305636	1501	2639450691
305188	95	173175246
305059	554	772801574
305188	492	782747910
305202	224	292405189
305059	225	285082840
305113	9	2352295
305237	167	322985636
305059	447	624464467
305252	396	465377616
305365	280	471994364
305237	287	556533106
305310	88	82276293
305406	1329	2141104445
305312	52	89611452
305282	191	252005007
305312	190	341242737
305365	362	605448508
305358	113	66871107
305063	16	20913350
305204	969	1419282906
305186	218	341086941
305081	600	1027771098
305636	906	1604701939
305045	862	1337358123
305586	232	365550711
305366	406	678057019
305248	799	1406691957
305518	6	11898932
305898	313	482023682
305351	86	155602522
305248	167	294945326
305282	168	205911719
305365	46	78605277
305248	631	1126423199
305351	578	926897309
305248	918	1585293833
305351	250	445838883
305365	544	890776753
305406	1306	2113671344
305366	703	1060492195
306169	187	154738632
305247	406	691692696
305351	769	1160918774
305237	1037	1948034324
305406	412	766214836
305237	340	655749838
305636	71	42688845
305586	461	792410282
305902	371	577853545
305377	1359	2377299702
305351	779	1172461795
305311	101	167470367
305405	211	381762363
305898	292	442997986
305351	640	1004956794
305377	91	161563870
305202	301	425709540
305045	781	1233515511
305311	30	54003105
305406	567	1045660411
305517	107	195124183
305406	489	906453254
305237	411	786114787
305366	560	884424488
305366	713	1072357230
305405	422	755411352
305405	278	501306781
305282	79	36111638
305377	160	281379143
305313	30	55305588
305406	502	930325222
305589	341	653145208
305313	600	975502532
305516	113	139511598
305516	606	988254218
305252	96	119946590
305586	422	720291490
305252	71	88212385
305405	86	155016165
305248	292	509732728
305237	122	235371367
305364	101	111922213
305064	1082	1517842582
305045	450	759571738
305204	627	1007158508
305840	1029	1702506225
305814	1804	2901866439
305814	375	574286884
305766	487	857409005
305862	426	686618859
305766	611	1067616743
305862	227	310460476
305821	793	1337967215
305821	796	1343467509
305898	240	347459840
305832	170	195236307
305862	466	759764001
305766	895	1597993096
305821	755	1270378897
305821	760	1279387088
305840	716	1273356478
305809	189	279044460
305207	199	282774310
305059	334	458376583
305898	620	1008334546
305766	556	968264520
305814	1207	2054488387
305840	702	1251080011
305862	254	361866498
305207	258	384670527
305045	506	851383101
305112	1387	2289723163
305081	442	750667400
305112	1259	2118473388
305766	308	520633493
305821	122	155471175
305814	585	929680968
305898	76	46087745
305898	103	96855217
305636	165	228472428
305237	384	736706404
305059	169	191867966
305064	1451	1855158959
305202	168	194289440
305202	268	369360541
305114	19	21837956
297411	162	239287318
297215	11	17566071
297219	1153	1945207765
297485	310	543862195
297424	98	128663658
297503	212	390054894
297487	41	56188977
297656	286	469380896
297430	83	158052491
297486	485	777018055
297485	374	660756937
297433	47	72349043
297485	86	150450258
297050	401	498945833
297057	21	27806768
297503	669	1219660475
297604	230	376137270
297620	229	330288259
297219	2217	3142111218
297486	98	165377883
299062	286	471144950
297057	476	588556709
297219	2271	3193029291
297296	75	109950505
299329	86	146739364
297178	299	402028188
297675	303	518989593
297675	337	576547436
297675	353	603287368
297050	727	849132326
297411	774	1293307988
299061	194	250151851
297503	439	803867509
297656	230	371944239
297483	96	103806263
297505	127	193404844
297562	16	25420700
297562	241	387935575
297485	193	328871773
297219	1728	2642524421
297219	1350	2200306691
297599	87	135505531
297599	233	418970024
297723	194	361287551
297605	201	297078638
297219	1263	2089977672
297487	265	352299041
297603	138	238529113
297606	31	39090648
297599	64	98343120
297562	184	302302698
297101	251	349850729
297675	419	713097879
297219	257	519150181
297485	287	503129542
297503	22	39279608
299067	240	303214942
297605	328	490805457
297604	7	11075721
297562	38	60401112
297484	197	373743243
297114	118	202814441
299380	89	85267277
299380	132	152598450
300462	81	123504636
300157	375	400360848
301998	166	167457865
300233	95	87707761
299594	208	262655833
299450	45	7896297
300400	177	267572231
300785	1238	1406989237
300464	204	297066757
301417	331	345633102
299481	16	18404479
300122	700	976758688
299481	1218	1253631499
299380	142	165631385
301298	85	50830822
299481	773	856520958
300157	37	34934908
300284	197	280987641
300817	85	116445486
299593	679	879176046
299594	30	37202516
300280	131	146337078
300401	419	496232748
299479	66	92682116
301298	842	793205634
300155	424	560649417
300226	386	532083357
300123	243	281812453
299478	18	29522421
300155	971	1311495940
301298	833	785628808
301323	256	249078676
300400	166	249429294
300400	169	254716222
300282	15	20896840
300389	79	104868622
300123	299	341128278
300284	707	918521571
300785	934	1111901973
299593	684	884095367
301323	533	523906367
300157	227	244411519
300226	249	320340279
299481	648	727889477
300811	411	683149695
300785	1102	1278388457
300280	623	826934301
300226	417	580122581
299380	220	272586714
299370	135	145847589
299480	390	555701988
300240	115	101064679
300240	342	305220204
299594	219	275921755
300806	124	151585654
300806	125	153144957
300155	297	385806465
300122	280	379160053
300122	395	540655089
300157	1014	1000022125
300400	154	233106584
300122	593	828384499
300280	313	387037286
300817	208	288878831
300155	557	750316651
299420	33	44689447
300466	38	53745748
300389	141	230194288
301298	926	862240583
300238	37	16233494
300401	436	515656305
301298	330	320977681
301298	358	349655772
300122	751	1038428438
299481	939	1021026722
300123	499	545917298
300237	458	642980221
300122	563	783456078
300236	20	17828052
300157	1040	1022129190
300155	636	855358336
300282	76	110006066
300238	189	183580839
300239	117	120143434
300240	42	31424896
300157	692	710426529
300785	954	1131502327
300157	956	947920394
299593	788	1032000079
300375	14	17807465
300237	193	276058164
300237	193	276930446
299480	186	271267892
300226	342	465288947
300226	344	467556621
299370	229	277926872
300284	187	266713613
300284	117	169103968
299597	439	461107799
299480	60	84751636
301298	697	668763672
300238	112	95429296
300466	53	74758393
299380	163	195812389
300233	115	122991117
300811	111	182326276
299593	633	816570820
301298	584	566173290
300233	130	150721024
299480	462	658321006
301529	40	29487414
300785	1056	1232572717
300811	56	92291687
300237	142	206502654
300155	92	89850698
300785	1156	1329795993
300785	1157	1330731672
299369	280	378253020
300122	943	1291809494
300785	973	1151298950
300466	104	143618573
299480	85	125215435
300811	340	574009278
300811	386	645015470
300156	4	4574431
300280	487	630778775
300280	213	254781869
300400	9	10738673
300400	643	943734534
300461	34	50615790
300401	416	492731585
299369	70	96041139
299370	301	378172540
300123	144	169410904
300123	160	188102430
300401	525	614529571
300122	1164	1575648198
300282	39	54183554
299594	148	190467033
300284	628	825265954
300284	186	265683554
300157	399	423722457
300237	41	59086261
300280	141	166397035
300806	96	99656006
300400	84	121496020
300235	37	57018326
300157	244	262207491
301323	134	111238606
300466	123	170109981
300155	235	293067843
300155	1001	1350558901
300155	1005	1355573640
300226	83	63664662
300087	102	51900549
300400	370	546011216
299370	518	666404186
300401	223	262124014
300226	431	598842529
299480	201	293592398
300464	69	99256540
299368	156	167242169
300401	476	560591431
300157	997	984395435
299396	31	52728554
300459	86	97497014
299481	854	937532522
301524	6	4782431
300122	193	248539436
299649	162	220826278
299649	276	390693895
301298	275	264705069
301330	308	313753095
299649	223	307747105
299649	249	346667691
299370	224	270216826
299370	598	766623027
299370	696	884122676
300122	1257	1690401901
300155	336	439610703
301298	608	588697109
299597	68	73204103
300237	309	434292767
300464	134	194476038
299396	39	64283310
301323	250	242855644
300237	359	506991034
299481	1105	1153352489
300122	790	1088811511
300155	448	593714337
300155	1206	1604353742
299480	287	413884839
301323	333	330076969
300401	20	7459765
300401	56	52282771
301391	107	77808626
299480	532	754157858
300280	99	85813355
300785	1049	1226065773
299480	35	49658051
299370	611	781799596
300284	308	429436769
299481	222	265023834
299593	867	1143561988
300375	44	66205534
299481	696	777654201
300155	686	923801080
300155	1189	1583519286
300157	1054	1035006868
300280	300	365927233
300155	1102	1478308786
301384	80	97699925
300636	633	812827063
300466	539	678598971
300466	622	771653585
300459	118	152655896
300497	130	168095073
301298	80	44041745
300459	208	307851147
300459	328	501058684
301959	617	701172838
301959	617	700942816
301142	440	386049957
300461	13	17427864
300780	79	115552190
301384	122	146543157
300576	1090	1546174769
301283	383	335629140
301530	16	12516232
300636	826	1029373681
300576	784	1156010312
300742	308	470932237
300742	318	488426773
301531	106	79185077
300558	189	265971907
300517	551	643219122
301384	56	68629047
300515	305	513773953
300515	208	358692367
300785	322	422490235
300515	157	272556491
301532	112	73118687
301397	689	496803454
300466	611	760761555
300560	752	829093368
300466	325	427815457
300401	406	481014307
300401	412	487689993
300239	198	188852536
300780	327	476503107
300515	98	171348584
300466	279	372331714
300560	797	873001916
300633	246	377444144
300633	249	381623444
301142	177	171548468
301987	41	32618963
301987	43	34667343
300459	166	236937752
300558	407	571830115
300558	409	574991871
300466	586	732190502
301986	363	310102953
301986	363	309560494
300155	1070	1440494838
300576	584	873003838
300806	179	244553390
301984	80	87255568
301298	605	585352395
299480	380	542156251
299480	217	316561277
299481	500	571657703
299480	75	109521255
300122	1009	1380813619
299597	150	164100169
299597	367	391160061
300226	379	522294214
300467	470	461713264
300576	967	1393617311
300155	1019	1374788146
300633	109	167557364
301283	720	596429469
300777	103	136434695
301986	186	165349747
301986	317	272360445
302019	40	6499721
300517	537	627485248
300785	425	550264213
301984	95	107387841
301984	97	109269428
300785	498	636810485
300459	145	202325702
300459	258	390840596
300560	480	551638991
300576	426	642854734
300631	94	65538319
300631	95	68217724
300576	1174	1649606014
300155	488	649121979
301392	619	585483233
301183	127	114424421
302029	67	83024108
300467	139	143235450
300467	338	339143507
301283	164	150358498
301384	255	290683076
300576	117	172457035
300576	117	172589004
300155	767	1031917724
300234	36	56690537
300631	116	107121642
300515	435	713451082
300515	539	873915882
301959	593	677361706
300636	1006	1220121823
300785	160	214798305
300517	190	234557365
300517	294	356148083
300238	211	208652488
300558	119	160402387
300777	419	641832188
300467	350	350986357
300516	90	113870061
301997	269	283149325
300633	104	159528046
301384	230	264349838
300560	17	18631395
301987	1029	694309271
301959	717	796466725
301959	728	806826116
301281	131	94050669
300576	854	1248471388
300466	378	490177104
300466	393	509211417
300466	394	509789830
300560	455	524416366
301323	681	659972065
300785	453	583997166
300576	58	83391724
300467	511	499539937
300497	140	185319733
300576	32	42716839
300401	429	507506129
300636	939	1150577393
301384	45	54441970
301959	464	541737595
300239	139	143525673
301531	145	107434015
300515	256	437298687
300235	73	113364449
301384	152	179087225
301384	151	178207773
301384	159	187799141
301165	142	98711654
301183	291	260440751
300817	45	61958285
302029	72	88440093
300576	1044	1490909849
301519	143	102179305
301519	225	186105623
300560	682	761340323
301165	71	51617549
300574	42	30948910
300240	150	133035483
301298	216	202239943
301986	94	86100051
301532	96	63145165
300633	320	483719812
300636	1378	1577989594
301986	37	33723340
301359	80	49361247
301519	235	195829301
300633	257	393047080
301997	360	383142840
300558	259	366821682
300467	516	503405523
300517	528	618292667
300635	47	67547792
301283	487	416499291
301984	148	174480968
300636	1274	1481963592
300459	301	458175012
300517	451	534481131
300785	92	124589212
300636	401	535639569
300497	43	22709622
300155	609	820425638
300280	102	93020941
300284	151	216756519
300284	151	215857018
299597	126	136948396
299595	66	78344976
299593	372	443198014
299649	304	440628137
299380	211	259450322
300400	218	329268938
300122	587	819908611
300122	588	821507354
299480	501	712419073
300785	1106	1282722426
300284	613	808028264
300284	614	809510250
299480	617	871760180
299370	407	519368947
300817	347	486955847
299368	98	81647973
301161	426	359198749
301283	647	541394404
300777	284	435614880
301987	1080	724227760
300742	255	380127755
301998	27	28647788
300785	227	303462895
301959	681	762816232
300780	117	171770712
301987	1110	739768794
301984	266	316644387
300466	327	430789178
300576	267	411318196
300576	334	511528379
300576	731	1081988715
301986	329	282433195
300785	267	355756876
300636	1180	1393035799
300636	1190	1402855595
301161	243	198691774
301161	254	208132346
300497	59	53831664
301532	203	131309432
300515	614	984569594
300636	843	1047609337
301987	212	164177815
301987	1014	685470359
300459	147	206456312
300459	147	205493393
301142	32	31197235
300558	223	316253095
300636	960	1173529917
300636	1528	1711939961
301417	135	115569370
300636	794	995143158
302026	28	14098393
300777	312	478118488
301694	102	119017432
301694	102	120325976
300515	144	249128674
301330	143	139107688
301524	16	13870158
300631	126	122464039
301985	134	145175368
301959	489	568992580
300636	210	291714778
300560	386	449419294
301281	116	78650366
300558	348	490364065
301524	42	37701319
301998	9	9246376
300466	315	415342725
301283	527	447466626
301281	73	32478555
301476	601	454983772
300785	358	468921270
300633	3	4626991
301283	424	368310391
300785	246	328348665
301987	46	36737313
300635	158	216723102
300635	170	233252284
301524	104	95683250
300576	146	216860139
300576	402	608367848
300459	218	323763116
300576	606	905261123
300560	519	594131858
300576	1054	1502501310
300576	1059	1508847142
300239	24	24211556
300576	1190	1670037582
300785	406	526984198
301392	372	367110494
300576	920	1333151578
301397	99	74936111
301283	603	507986309
300517	401	479419257
301283	76	70972277
300515	790	1244259524
301180	7	4050818
301183	195	176254906
300517	127	156795451
300636	495	650894452
300636	499	656488573
301391	185	166004424
301391	201	183899517
301531	304	221874562
300636	1073	1287860580
300636	67	96428439
301959	529	611187149
301476	792	584927834
300237	286	401915248
300237	287	404409949
300240	265	237737096
301476	723	538073162
301998	1425	1143690088
301161	410	344861078
300467	22	22647031
301476	790	583175502
300155	1132	1514927967
300558	65	82666187
300517	265	323081403
300636	563	731432207
300558	228	321877627
300635	144	200376625
301985	297	307351709
300673	65	44068145
301959	656	738213040
301959	701	781700193
301998	1103	932448441
300780	203	291528849
301161	163	123585891
301180	85	87060775
301985	150	162023635
301142	835	657155402
300459	82	89228793
300466	521	658647001
300780	166	239597832
300780	170	244841750
301985	130	140859600
300560	758	835215791
300157	702	718281585
300811	441	731908577
300400	589	870064419
300464	205	299321165
300463	82	119452236
301323	200	187206000
299395	62	87886032
300785	831	1003506425
300785	958	1136288701
299481	371	440802408
300400	521	770295600
300284	517	695061362
301998	954	824436598
301627	473	418200703
301959	1584	1487529313
301472	123	96282297
301476	10	7499060
301476	314	244029764
301664	109	83858769
301447	223	202990525
301449	139	109762539
301627	491	432863122
301449	276	213953873
301627	562	489027354
301959	420	493400539
301567	254	247704819
301959	537	619945426
301941	62	40095262
301472	80	48422589
301472	81	49116483
301970	60	69420120
301476	379	292332671
301476	326	252578949
301959	873	937765224
301531	206	152031586
301665	348	292314781
301567	73	64335749
301450	23	14884704
301998	1621	1261844167
301567	324	318118968
301472	597	574729272
301959	1261	1253234977
301998	565	520372443
301914	21	15238606
301959	1774	1613033008
301417	334	348937235
301461	109	77181543
301664	95	68913963
301532	357	225124911
301960	14	8351970
301912	267	205283027
301959	1887	1684275310
301449	281	217904281
301627	489	430939249
301959	345	408844057
301472	614	589349290
301448	293	250956869
301476	471	361606753
301987	44	35366705
301959	201	233105965
301519	90	49212584
301448	28	25376291
301461	413	399106428
301461	205	183032913
301472	829	781145350
301959	878	942320348
301461	124	94134880
301959	153	173675409
301532	445	275846408
301959	1125	1145352864
301959	788	862026294
301912	196	144426345
301664	356	331464205
301567	316	310658004
301397	294	216806430
301476	250	195336182
301532	424	263834717
301970	65	74903803
301912	379	292767764
301914	111	77421744
301941	197	187625962
301397	90	68337668
301532	537	327729379
301665	196	169323855
301941	138	126675323
301447	351	333319821
301987	193	149373736
301987	732	519816315
301627	310	274027429
301959	1859	1666984806
301450	150	101230367
301472	815	768819273
301532	52	33884240
301627	82	39266654
301627	204	169492923
301397	467	345071010
301398	5	2664824
301532	451	279257175
301472	147	123393865
301959	221	258681823
301397	299	220688208
301392	410	402729012
301664	206	183668666
301461	201	177966488
301627	278	243737816
300777	482	744007192
301323	197	183067839
299370	659	839211437
301323	688	665978587
299593	880	1159622637
300122	392	536233001
300157	730	742594025
299370	425	542689201
300122	91	86288294
300235	159	242898025
300811	273	467879167
300157	25	21035705
301627	164	127166479
301397	136	102718950
301567	106	95753064
301959	405	475847175
301914	200	135623175
301530	32	25265441
301959	907	967573300
301461	564	541215740
301664	186	163064921
301532	250	160903736
301472	659	629195888
301627	586	507426625
301472	531	512749586
301998	1518	1201209104
301665	182	157160323
301912	341	263520423
301532	413	257431854
301472	574	553548543
301397	12	9135767
301998	1612	1256816871
301627	353	314668310
301998	1210	1004908269
301998	1315	1073890698
301397	360	266731556
301397	371	274557943
301397	79	60479048
301998	348	335143440
301392	69	71718168
301397	52	39963665
301461	430	415345164
301447	308	290301640
301959	1815	1639112780
301998	1703	1306703216
301912	382	295051404
301476	496	379826962
301472	523	504751952
301447	194	172466869
301530	37	28856354
301959	1480	1414935257
301665	427	352582362
301447	157	132276971
299368	108	98790044
300284	448	608785961
300467	244	248214075
299480	486	690344594
299480	128	188783458
300123	551	597644737
299595	5	5574999
299395	5	4026278
299380	95	93807941
300497	108	132696054
300811	149	252832693
299597	413	437121692
300155	625	842039627
299597	219	238849606
300463	98	143548286
299481	1116	1162870859
301298	841	792451386
301323	307	303323935
300123	401	444372815
299478	44	67678558
301323	324	320259410
299481	263	314321546
300123	526	573172414
300238	135	122097639
300777	365	558386458
299480	277	399259916
299480	672	942490199
299480	672	941817643
300235	89	137145818
299481	377	447101582
300122	130	149627957
300401	99	107961680
300122	172	216033769
300785	759	925794134
301298	306	296785598
299395	111	165106730
300816	53	77431714
300816	65	96392400
302492	18	9316720
302484	61	77932628
302485	20	27137893
302448	202	238992946
302479	68	49251826
302393	367	412341341
302448	1374	1406173843
302031	178	193012475
302131	263	230827233
302131	267	234298368
302388	180	207239173
302388	182	210458868
302388	183	211976289
302472	75	73478804
302043	96	55103461
302042	478	313451633
302344	267	240965673
302277	109	107052013
302263	18	17638001
302042	122	84977489
302392	351	436152076
302263	1173	948637197
302279	33	17534523
302448	1852	1773103300
302392	326	405383912
302225	781	677256320
302393	506	553892602
302448	1885	1797254254
302240	628	613118679
302263	197	187238672
302328	409	353859110
302328	548	474523866
302448	661	760064253
302448	1721	1676702196
302448	660	758920740
302240	730	699184330
302240	744	711038804
302229	95	96056803
302322	118	78693701
302485	707	811185976
302388	575	656947221
302448	1917	1816255722
302392	153	170518614
302485	571	672178112
302494	616	502813704
302479	130	141656657
302322	380	312464758
302572	206	235744618
302393	373	418440008
302131	799	685705065
302573	540	540587055
302163	1023	861296716
302485	474	568205546
302485	512	609944584
302494	261	222829161
302494	383	322706328
302392	84	67485446
302388	42	23736203
302344	472	408455288
302263	294	274107588
302031	282	303823480
302485	33	43699576
302031	237	257462422
302596	331	389105780
302240	37	43492780
302573	179	189900996
302573	517	520299835
302473	8	7966458
302131	702	610829759
302131	711	618330724
302472	287	362768932
302263	901	759646207
302476	131	99738844
302479	102	98802159
302525	29	40415218
302448	934	1030289528
302229	63	64069489
302474	32	26981420
302393	174	203365755
302484	9	7331638
302494	214	182256862
302472	733	865835638
302472	487	599231070
302448	137	154085925
302479	215	266914305
302485	560	660928751
302485	460	553524750
302229	441	411307509
302229	456	424416263
302485	638	741714524
302492	50	37706465
302448	630	727236863
302479	247	310537032
302392	274	337802458
302494	71	61601467
302472	379	471764711
302472	505	619370595
302280	18	11285948
302031	643	645379342
302473	124	122684684
302163	630	565775253
302494	529	439610308
302229	246	241110894
302131	251	219035808
302229	196	195405956
302393	275	314939612
302388	274	324087929
302240	75	86941333
302131	372	330127295
302388	624	709625448
302388	626	711246785
302393	396	442443434
302350	100	79647375
302031	602	609234498
302328	489	422948878
302322	802	636699430
302448	901	999938134
302485	301	378799977
302163	536	486489321
302448	155	177475723
302262	276	293222216
302485	620	723113106
302388	62	49343822
302042	25	17219206
302031	316	339611591
302473	114	113123682
302388	35	17609165
302263	756	651348130
302277	148	147756162
302263	156	149827529
302263	160	153622187
302476	123	93776630
302476	236	181148885
302494	364	307501066
302393	537	585128716
302229	107	108209922
302328	85	43629772
302344	276	247143705
302131	395	351601041
302525	7	9028717
302525	7	9558589
302043	172	98153834
302043	190	108613322
302344	435	378388607
302131	743	643187792
302388	170	194963545
302159	112	92543943
302322	625	506889605
302344	455	394635364
302485	866	965752496
302163	205	183241174
302163	1035	869261868
302448	843	944795279
302042	504	328851318
302448	1336	1376098823
302485	194	249606580
302163	1058	885039788
302654	19	24324605
302479	72	54417724
302473	153	150642622
302472	470	579247765
302393	703	745337098
302043	2	843222
302474	44	37828605
302474	47	39965554
302388	460	534539817
302388	382	450535195
302240	920	851281768
302472	60	50839754
302163	557	504587654
302553	109	138129963
302240	202	223129359
302225	275	242866895
302225	145	109608435
302031	767	748724402
302393	405	451547268
302277	74	68650016
302393	826	857635546
302573	335	349056153
302635	425	423373434
302525	609	721749337
302526	445	402327081
302573	857	810529890
302597	283	252619594
302635	1148	1019979711
302635	505	495205787
302525	524	632870515
302573	953	886899383
302573	139	146647097
302596	810	920467907
302663	216	272511570
302663	219	276327046
302663	700	818917032
302573	1276	1129705935
302573	501	505178283
302635	218	226122359
302525	541	650498633
302663	1	837571
302573	341	354170853
302573	341	354730789
302597	311	276019919
302597	158	144873210
302596	606	703457085
302635	45	46707540
302597	322	285315580
302526	521	465315309
302634	300	359934239
302573	690	669743713
302596	354	416759715
302635	837	776078567
302573	272	284872557
302597	42	38978965
302635	1034	932434747
302635	1264	1105199172
302526	40	37058081
302526	439	397013229
302654	86	109493320
302654	90	113857141
302635	719	679215777
302597	1033	841712228
302663	36	48714363
302635	1010	913449020
302526	69	65420472
302526	56	52651370
302548	76	50138297
302525	350	443278807
302663	546	655066622
302596	509	598904683
302573	888	835667034
302573	248	260861532
302597	455	397433476
302573	525	527268704
302573	582	576597219
302573	1073	979513468
302479	97	91733957
302392	246	299584234
302484	42	48819063
302240	254	275295582
302485	292	367518785
302479	264	333833901
302131	200	169759783
302448	105	110554670
302448	132	146926953
302328	156	117443800
302262	194	201631470
302448	1271	1322546281
302573	556	554310643
302663	107	141136559
302663	69	91507450
302634	53	16476565
302634	60	27978974
302596	362	426674518
302573	805	767580059
302634	174	195745847
302634	182	206838716
302663	150	195211360
302634	313	377086069
302634	316	380875780
302635	284	290640359
302663	114	150186758
302634	272	324034983
302596	914	1024427622
302596	917	1026965680
302572	247	282127317
302597	333	295471826
302634	172	192081753
302635	380	381824788
302596	715	819238550
302635	453	448765350
302525	560	670375050
302597	699	593653513
302663	667	783329038
302596	393	464074056
302654	157	195780545
302573	1202	1079309000
302553	99	125707160
302651	54	78181755
302553	47	59837145
302663	339	418919116
302525	62	85419674
302448	268	319250621
302277	317	309773711
302485	318	398407672
302485	376	462966363
302485	854	955081250
302485	856	956813783
302393	760	798630103
302393	764	801739075
302263	496	443803856
302448	1758	1703944679
302131	853	725416195
302448	1562	1553814162
302494	35	30453541
302485	663	767060690
302031	148	158947082
302031	361	382800752
302240	469	477630566
302240	50	57898134
302448	1235	1293035273
302448	1339	1377744426
302485	245	311944217
302485	753	856313147
302393	9	10367001
302474	34	28932478
302031	29	32737463
302343	72	71523624
302031	202	218797586
302043	154	88274299
302448	691	791595349
302228	276	251886024
302263	923	775730979
302225	211	179046994
302472	616	741918275
302523	4	4757415
302523	15	22313655
302473	352	334081981
302263	460	415191686
302448	324	386135293
302479	233	291725880
302484	105	142906610
302342	48	27699127
302485	562	662417886
302485	746	850584921
302131	149	118617019
302654	35	45352989
302393	247	284526133
302573	510	513396576
302031	808	781581679
302484	127	174213368
302165	53	31661808
304292	581	1075972880
303838	2039	2289058291
304204	147	172164275
304144	531	912406001
304508	9	14073063
303838	1269	1661964703
304169	84	55304686
303885	754	1078472819
304366	478	779346329
303998	67	31369580
304508	1116	1351682541
303885	1466	1858600611
304508	390	584303151
304333	1373	2077779998
304366	1171	1877966761
304366	1174	1881560005
304062	57	8544194
304062	270	391060714
304169	435	680195731
304062	1568	2027160781
303838	173	225135025
304169	1467	1924115459
304333	608	972400441
304797	434	782270821
304170	139	129483709
303832	670	824035546
304797	1332	2230843507
304797	1818	2733167299
303948	228	336695857
304447	969	1601993018
304447	985	1622717204
303885	198	240899041
304169	801	1206964189
303998	75	47107033
303838	1196	1590799037
304292	1706	2269708755
304292	962	1568003335
304204	107	95388447
304292	849	1439783416
303832	119	99781428
304169	1151	1605306115
304292	1448	2055192945
304292	1683	2252457289
304200	244	463429265
303999	332	548469504
303999	336	554711837
303999	341	562034723
304204	166	206955055
304333	1437	2146592928
304158	562	686432338
304366	1830	2551435366
304671	116	147525974
304144	1817	2679459974
304144	613	1076900383
304797	1617	2543789200
303948	316	492704587
303948	550	889661654
304333	248	370221368
303885	377	534770332
304292	1454	2060632012
303838	519	773977731
304204	393	619404323
304170	565	484802796
303832	370	460106030
303832	983	1144253712
303825	69	58234413
304144	1457	2315520507
304616	434	692362290
304366	942	1566652083
304797	2013	2904661520
304797	561	998960808
304333	1410	2118591277
304062	1074	1530976178
304062	1462	1929262219
304144	768	1357507523
304158	850	1090264326
303832	1722	1748410940
303832	1734	1757201793
303832	1507	1587748409
304366	748	1256979308
304447	1273	1958400208
303838	1117	1510575358
304062	551	848047320
303885	271	364317846
304158	506	596119197
303885	1014	1398022038
304158	1802	2069917077
303838	409	613697393
303832	932	1094535475
303838	419	629205860
303999	10	17684624
303832	570	709737501
303832	571	710858342
304170	59	55747624
304797	2240	3092163359
304170	229	211479479
304158	1081	1380945657
303998	110	109955202
304169	757	1151835566
304333	413	610776391
304169	1427	1881382331
303885	1109	1503140596
304508	751	1004116933
304447	1192	1868659115
304292	1336	1953941912
304447	169	291716568
303832	605	750173932
304144	817	1439443539
303832	1707	1737593395
303885	1418	1812598995
304447	1372	2062279067
304125	124	229118842
304506	302	487127966
304447	1504	2196748285
303832	1136	1283771235
303885	532	767004110
304170	118	110543614
304158	1534	1841395130
304292	635	1157651826
304169	60	22959353
304158	1044	1336835428
303998	233	348777285
303998	235	353576723
303998	236	354197005
304797	1881	2788992136
304738	1675	2458916921
304200	22	40075709
304797	1307	2201679465
303885	944	1317067182
303885	1273	1673084522
303948	1311	1877850919
304062	1133	1594198277
304447	34	61627773
304158	1381	1695902015
304333	684	1113775575
304144	899	1565912675
304507	184	221292499
304797	1261	2146300261
304366	534	878148869
304158	511	603921981
303885	1133	1529509277
304333	219	317685054
303999	110	195680776
304169	460	719628140
304062	1766	2195510119
304169	228	328324564
304333	965	1571136434
304200	3	5391774
304120	159	305717457
304158	1171	1483637330
303832	287	348320020
304144	896	1562156369
304447	1636	2314457049
304366	1324	2059195118
304144	1477	2336707657
303832	628	776587827
304797	1678	2605298563
304062	1674	2118795067
304144	1626	2493983265
304144	2477	3224592332
303948	779	1231331340
304508	710	960452543
304144	1085	1846795587
304661	91	96636160
303838	141	169402540
303885	1857	2186091301
304797	616	1110517362
304158	1208	1522086304
304508	733	984867854
303885	921	1289611613
303948	1230	1791631321
304200	196	374453030
303838	451	678051276
304292	1802	2346737177
304446	76	85735923
304366	775	1303153597
304447	1055	1709345127
304447	48	88969288
303838	766	1110684450
304169	623	971567158
304169	631	983604117
304169	55	17960026
303832	1311	1432387254
304158	1887	2136095326
303838	1316	1707372274
304447	1620	2299282728
304797	1466	2383363234
304169	1541	2000610079
304144	502	853971544
304158	234	146714713
303885	113	98212768
304292	599	1102838256
304169	521	819518576
304292	1611	2194533318
304292	1372	1987768100
304158	1283	1599252801
303948	1039	1574258404
303948	575	926359135
303885	1809	2148344286
304506	157	268509055
304366	556	919643156
304366	694	1168239447
303838	1838	2142757082
304738	545	927449140
304366	1460	2205292935
304158	174	45116568
304366	351	576263486
304125	171	307984697
304616	284	435499427
304562	769	1321504269
303948	1136	1686916696
304738	19	32365679
304738	146	258421759
304125	310	524533869
304125	380	632303833
303885	369	522023448
303885	879	1239417043
304655	422	669103051
304797	2343	3171728854
304797	2343	3171745427
304797	2364	3187828953
304797	267	489295811
304125	1382	1753380918
303999	739	1097294636
304797	368	664623104
304125	1174	1563373194
303838	1519	1889398982
303832	1872	1854599066
303832	1881	1860827134
304738	1050	1754810361
304292	619	1133583101
304333	1642	2344679054
304616	945	1541662450
304447	373	658134702
304333	851	1398209356
304655	817	1138210807
304662	126	207785211
304204	209	277781151
304616	755	1258926531
304366	1481	2227568422
304671	185	274938949
304671	185	274610830
304125	596	925627210
304125	180	323376583
304671	1054	1722333507
304671	1066	1738007590
304562	151	197469176
304562	293	426758012
304125	1570	1908567616
304125	1583	1919010696
304125	800	1178187610
304144	1225	2040139483
304333	1394	2101026723
304625	197	248431846
304508	223	350185289
304333	1033	1664723689
304366	98	148586220
304508	1317	1511673491
304200	251	475543573
304200	259	490596609
304447	340	590021738
304616	164	239044440
304738	1064	1773885229
304366	1650	2395821806
304144	179	231900577
304209	322	541208299
303838	577	858521374
304655	302	496410929
303948	362	573909044
304366	1291	2021530176
304144	112	97413365
304292	774	1346721878
304738	166	293464592
304671	211	322009633
304616	120	154447051
304506	61	106974440
304562	70	47877215
304655	692	998325236
304797	288	528886986
304616	299	462549446
304797	683	1241595221
304354	168	176745626
304125	423	694462554
304333	859	1410587764
304671	447	715869290
304663	302	544327945
304777	403	675190661
304158	235	147709703
304158	945	1211387732
304797	2742	3444179496
304169	1111	1562452712
304508	121	192534306
304508	125	199801024
303838	284	419473414
304169	127	136768852
304144	698	1233575544
303832	366	454790751
304447	1206	1884516069
303885	125	116396759
304333	1198	1879724507
304738	66	117620281
304663	378	676259477
303948	958	1474197932
304125	206	365038892
304062	671	1020960913
304616	633	1055684901
304797	1057	1871872564
304062	1490	1956177229
304204	546	890424899
304204	563	919740334
304354	83	21232205
303948	588	947164328
303948	589	947778136
304125	74	140280243
304616	603	1002939381
304062	462	708954218
304738	229	401492771
304562	232	322015475
304625	297	424440692
304120	172	328410686
304120	173	331263195
303948	1419	1989368590
304144	1625	2492660814
304447	474	844912307
304062	410	623216004
304797	752	1370495921
303885	577	830687541
304777	384	644091313
304144	1330	2173549214
304366	1641	2387180164
304144	1738	2604548174
304508	1102	1339681467
304671	233	363379947
304655	1008	1329677805
304447	755	1309936631
304655	943	1266919936
304366	1251	1974825388
304562	112	125606874
304662	70	108850759
304144	969	1676236578
304144	2237	3041510395
304144	2154	2975512502
304625	79	51633593
304125	325	549014921
304625	472	716143612
304797	666	1209612389
304663	219	387557661
304209	467	814457483
304062	844	1255733697
304062	845	1257677167
304125	1257	1640535892
304655	702	1010180838
303838	1432	1815570073
303998	133	150393594
304144	278	428017985
304354	131	112688673
303999	535	847141835
304797	901	1627868233
304366	246	416429250
304671	783	1297768748
304625	206	264946877
304625	208	267283423
304508	910	1163812592
304354	277	372494521
304354	280	377826332
304616	946	1543159412
304144	1432	2287772920
304661	66	48314372
304366	93	139058908
304655	33	59014028
304655	821	1141908510
304671	886	1470534040
304144	2344	3126208574
304209	155	219762293
304616	172	255353313
303838	336	501197990
303838	1513	1884583377
304144	1193	1997917130
304655	313	512016475
304663	184	326009144
304663	186	330026937
303948	828	1300149192
304447	287	479143831
304671	616	999418310
304144	107	88810100
304447	999	1641012508
304144	1692	2560591921
304144	1300	2135834616
304144	1313	2152376310
304738	116	205166322
304671	547	876732431
303999	406	662040019
304447	732	1275015598
303948	517	836813684
304625	396	585320169
304062	581	891612087
304209	309	515793477
304209	310	517579412
304616	521	850753761
304616	521	851100571
304738	317	541861819
304062	890	1313924291
304333	1301	1998921821
304333	1303	2000490023
304366	1003	1655015176
304366	1006	1657958065
304062	620	949479228
304616	349	551058568
304144	1178	1977035553
304144	2207	3017747809
304125	1210	1596703354
304125	1144	1535145504
304655	164	283418174
304671	70	61010028
304654	135	186348889
304671	781	1295158937
304062	557	855626030
303999	678	1026537108
304738	804	1382478508
304062	998	1443909404
304062	982	1425648034
303885	663	953092138
304292	507	956371136
304158	1279	1594628222
304158	1035	1326662335
304292	321	647534306
304169	1226	1682002391
304333	544	851843877
303885	1429	1822450841
303885	81	39770378
304797	1240	2119170543
304797	1251	2133954210
304655	811	1131445697
304292	8	16892237
304144	315	499340605
304447	501	892526900
304204	404	639674282
304506	51	89446866
304671	224	346207251
304354	172	183915968
304661	115	141758227
304158	769	980385975
304204	596	972465586
304204	600	978474836
304144	1780	2645216923
304144	2334	3118537474
304655	76	131564901
304655	470	730950672
304562	551	896580084
303999	55	97696394
304209	128	168854937
304062	1350	1820410835
303948	249	374035874
303948	730	1158481654
304144	1486	2346514532
304333	1637	2340300003
304366	787	1322070802
304144	90	53715142
304125	948	1338525175
303999	735	1092256314
304204	336	511741978
304797	60	85102940
304797	716	1305393287
304144	2229	3035769469
303832	1860	1846103747
304616	487	784449095
304209	346	586162822
304625	299	427324570
303948	950	1463626372
304125	1746	2047658558
304625	322	468113505
304204	119	119064232
304738	812	1396090936
303885	716	1026058362
304062	900	1326624075
304062	316	469901338
304354	290	395192188
304616	935	1527956460
304125	579	905039719
304447	1440	2133714810
304616	359	568568473
304616	409	652170132
304366	1391	2130968718
304663	47	83050118
304663	190	337097213
304508	96	154121423
304366	58	74397929
304654	551	848518838
303832	1760	1776427094
304209	281	459909122
304062	1189	1653759617
304125	352	589782787
304125	827	1207540599
304654	279	450774567
304654	485	764074711
304144	439	727159588
304655	391	625921918
304655	392	627592747
304062	1973	2358421043
304204	331	501196573
303999	98	174229763
303999	190	328253754
304562	265	374827041
304562	770	1322210147
304562	775	1331327119
304447	805	1379397910
304447	809	1386311048
304125	797	1174320156
304125	804	1182016855
304616	511	830160329
304671	527	846117274
304447	908	1520636519
304778	48	93359954
304062	1792	2215296702
304144	1543	2407129735
304655	254	427104791
304125	1023	1416604216
304062	219	300456522
304062	225	311204971
304654	292	463291319
304447	83	152844457
304447	622	1097517773
304738	260	444860569
304797	1030	1830365201
304797	133	229852836
304144	307	483933372
303999	192	331521157
304616	749	1249072988
304625	474	719311045
304366	323	532946991
304737	107	93350192
303838	1868	2165512048
304200	37	68618023
304200	128	247099221
304447	334	577767329
304616	534	875990748
304209	208	316274339
304119	112	121272942
304125	925	1313722308
304616	270	414482895
304671	157	222776020
304663	611	1048732962
304292	178	366712041
303999	546	861705414
304506	168	288034635
304562	740	1267349062
304625	218	286785600
304366	1040	1705867322
304366	1445	2189334608
304333	1362	2065925643
303948	86	60694179
304062	542	834259284
304625	274	382735554
303832	1198	1338515485
304508	256	399048521
304062	708	1073085427
304170	201	185713705
303885	230	295415049
304447	586	1037240293
304200	53	100963555
304144	1641	2509635865
304797	1530	2453122871
303838	456	686062873
303838	1338	1729510232
304778	1108	1557999484
304738	919	1566469427
304738	1541	2326052210
304778	1095	1545614606
304738	1188	1934451706
304778	241	441294641
304778	242	443199641
304738	1593	2377469471
304778	740	1168464986
304777	106	183084835
304740	156	156151253
304738	1658	2442039865
304778	777	1212929049
304158	324	303305189
304738	601	1031558497
304778	1099	1549002480
304169	160	199293983
304333	147	182410362
304333	154	194179126
304778	1135	1583147582
304778	1049	1500472366
304777	7	11038256
304778	559	934855837
304738	998	1685003601
304778	137	259716528
304158	386	404174572
304158	392	414374659
304158	394	417093072
304778	393	691566695
304738	608	1043712074
304738	1540	2324746091
304738	582	996079212
304778	193	361088934
304778	782	1218410911
304738	1145	1879680608
304738	473	798176097
304292	492	931540055
304738	907	1547139860
304778	690	1107672304
304738	1139	1872735498
304292	523	983633160
304777	82	140322386
304777	185	321039916
304777	204	354049939
304778	475	814446142
304655	490	755912818
304158	375	385688258
304169	1244	1700283953
303832	1075	1228865471
304797	2178	3042407331
304333	1146	1813983049
304333	1275	1969853041
304333	285	429390101
303838	681	996900772
304447	896	1504026585
303832	573	713652661
304158	1456	1768344639
303948	686	1090566176
303838	864	1231372496
304797	1182	2044971772
304144	1147	1935231355
304158	208	98954403
304508	984	1234896934
304170	371	333237823
304170	438	387047880
303838	1657	2004843201
303999	636	977247852
304508	368	555069130
303832	383	477343046
304158	854	1095592940
304158	1357	1671931229
304158	1552	1858443666
304158	1665	1957159363
303948	760	1203518770
304292	1570	2159682655
304120	36	63156290
304062	1882	2287823788
304169	1433	1887223166
304169	1440	1894401183
303838	1255	1648434385
303948	1443	2013340714
304366	1029	1690162032
304169	329	505425998
304158	1765	2039505086
303832	639	788772893
303832	696	852094882
304508	372	559865709
303885	545	785667517
304158	1761	2036043592
304333	1055	1693789834
303885	334	467088562
303999	472	757939067
303999	494	789307659
305188	691	1068283792
305314	372	408799336
305314	377	413672591
305044	79	127063042
305202	703	1100760907
305045	438	740884798
305188	358	596867379
305188	424	689172698
305186	374	609968056
305204	362	613950091
305045	702	1132710344
305045	428	725582009
305336	148	228121609
305045	678	1102256796
305207	490	768420031
305081	760	1286615577
305248	579	1036772294
305064	783	1189393664
305064	788	1194498782
305064	1837	2155458308
305636	1296	2324890514
305064	1058	1492831357
305046	584	593334730
305046	319	341762221
305046	543	555069439
305207	743	1167573988
305207	745	1169967876
305207	745	1169883129
305207	234	344131658
305064	164	263797699
305046	154	171774636
305046	182	201866942
305204	909	1352210898
305341	490	846510123
305064	1906	2205197072
305081	517	877468802
305204	1023	1476665444
305207	555	868526109
305314	125	148441721
305112	303	469040732
305186	162	253847773
305112	476	798875892
305112	1369	2266719341
305045	205	370032381
305112	1270	2135065238
305188	772	1171256297
305081	616	1056297995
305114	157	178481275
305636	474	805011710
305202	175	207128719
305064	938	1365444450
305112	1466	2384898243
305207	975	1574225062
305204	658	1047794840
305112	927	1591722965
305112	931	1598701262
305064	220	364080897
305064	2013	2278933764
305188	72	130016400
305064	987	1417326822
305204	65	110527209
305045	277	483905889
305188	712	1095982865
305188	715	1100802461
305188	962	1401845103
305204	195	331541845
305064	624	989437794
305247	364	611637350
305114	389	416735138
305081	416	701447079
305081	556	944800213
305064	1057	1492177252
305207	114	131849268
305114	498	513539648
305341	76	133629335
305114	444	469288084
305112	1104	1887679931
305064	713	1104014104
305336	174	275974210
305112	663	1131118544
305064	211	349057939
306092	384	721949532
305314	224	259460708
305186	40	48048490
305063	34	43507710
305112	811	1385559566
305046	112	126112780
305636	1543	2698142536
305204	455	763886741
305188	983	1421000598
305207	554	867839290
305341	394	667406639
305112	243	352815051
305636	830	1455860429
305636	1112	1997829253
305064	826	1239658265
305114	35	39800738
305112	1207	2045285054
305183	140	236602432
305059	82	46409252
305064	1480	1879507992
305310	177	255755995
305064	1198	1630178102
305248	395	709483544
305202	565	856648570
305252	204	249438153
305252	208	255071646
305064	897	1320166384
305064	38	59174542
305311	10	16933873
305207	468	732527459
305064	285	473754851
305341	376	633835444
305064	176	285380594
305059	70	26309821
305247	181	263408567
305046	454	471538250
305237	193	375062516
305204	424	714365305
305207	333	509111382
305207	337	515148827
305186	45	56176413
305081	75	46307236
305081	111	118186304
305114	162	184403959
305081	850	1444636116
305590	147	210520760
305590	630	800788897
305636	765	1331336044
305064	1547	1933025528
305208	81	140419079
305045	470	792789186
305188	556	878313111
305186	405	661593480
305112	275	416022107
305636	1471	2594560295
305237	403	772502174
305202	206	259389079
305202	413	613418865
305204	747	1160247667
305207	498	781144766
305207	145	186598748
305064	1368	1785030534
305636	1394	2478123417
305636	2033	3322039168
305059	494	695690386
305045	179	324434672
305112	1169	1988803001
305204	788	1210300250
305237	520	981163448
305252	234	285467125
305586	283	460793477
305365	59	102033788
305366	898	1278572109
305902	508	801650175
305902	413	648412244
305237	332	641317944
305586	352	590220755
305365	377	630210481
305252	329	394405827
305252	332	397775999
305237	405	776552100
305237	957	1802750967
305406	125	214462446
305636	217	331265227
305351	391	669745869
305518	1091	1717904186
305366	143	253748741
305902	251	371828578
305366	574	901837358
305377	571	1025071978
305314	203	236630851
305406	679	1245397840
305586	378	638963638
306154	131	184479715
305237	689	1292487068
305898	418	667625110
305405	335	602185128
305377	679	1229771651
305840	646	1164471211
305282	191	250657083
305590	330	452336917
305518	1057	1677055984
305441	90	148394471
305586	86	92441227
305586	189	284686782
305589	369	705183608
305590	603	772057755
305840	176	325984372
305313	315	550253878
305377	280	505642186
305518	90	176194232
305351	753	1141975643
305351	792	1187269603
305237	484	914590468
305207	611	952533589
305186	180	281801296
305186	215	336666154
306038	77	152274881
305636	1715	2933920555
305636	907	1607047731
305113	20	16339290
305113	23	20462213
305842	527	573547042
305313	215	378660630
305377	538	977148577
305365	730	1225446812
305365	732	1229031801
305365	732	1230633774
305365	747	1258130330
305313	188	331718165
305636	332	544967330
305377	642	1157619028
305517	21	31207097
305310	192	283896469
305237	203	394276074
305902	475	749998725
305351	117	211144450
305406	1268	2068674890
305248	453	819043965
305248	457	826261354
305377	1240	2216734366
305842	141	165247230
305586	293	477275455
305351	86	154627738
305366	783	1152563461
305365	393	655367606
305365	167	284874073
305313	431	735801431
305336	119	172652031
305336	122	177579675
305248	819	1437266723
305898	773	1275190023
305516	500	841368626
305440	208	350270749
305365	85	145624735
305516	291	457089332
305518	252	480313832
305247	237	373146746
305351	746	1133941961
305590	44	64732565
305840	216	402604844
305377	1165	2108970701
305516	72	71999718
305248	192	340202345
305518	492	894218819
305237	340	655367363
305248	779	1376871377
305590	362	492187620
305314	398	434865202
305440	193	323871813
305440	193	323981607
305440	175	292087388
305898	659	1075627891
305516	447	743745212
305237	1106	2061101947
305902	303	460913964
305312	38	65671490
305898	383	605083407
305441	73	124050942
305252	219	267185253
305366	204	358595296
305351	550	890500528
305406	109	188770640
305898	631	1027633947
305314	199	231655231
305377	351	646282935
305313	17	32162142
305237	780	1464191109
305366	959	1342314317
305440	215	363911599
305440	225	382400555
305516	153	209568393
305252	118	146718666
305282	75	30616264
305248	26	46013235
305406	1137	1904962602
305586	406	690996511
305247	208	315100976
305832	144	144423902
305247	159	219585559
305589	549	1020517195
305590	835	1025903520
305636	1836	3088661142
306092	527	983662240
305112	419	690399107
305179	7	10752096
305186	350	571590979
305064	1125	1560528984
305064	862	1281052904
305064	863	1282485864
305081	260	403935238
305045	777	1228540055
305377	390	708468218
305516	82	89485649
305377	1504	2559305523
305377	860	1592892312
305518	546	981768705
305366	845	1221524103
305516	133	173926699
305406	254	461357804
305377	831	1533775858
305406	1415	2239565684
305902	443	698607467
305898	392	620466897
305237	843	1579570359
305312	86	146342806
305590	391	527615444
305358	94	31107151
305405	83	148733640
305517	99	180426445
305364	109	127988767
305636	416	702259025
305237	187	362381179
305518	954	1550725701
305406	1457	2286414286
305405	414	741574012
305405	282	508672913
305405	108	195800749
305590	900	1095789636
305366	88	155271060
305377	1259	2243106501
305366	751	1115899385
305590	295	408565389
305377	867	1606044804
305516	406	668505325
305902	313	479138891
305516	378	617806047
305862	101	66300103
305282	139	152332294
305237	280	542979431
305516	244	368012430
305248	617	1102577179
305516	255	388270650
305365	443	723616490
305840	657	1182262140
305589	592	1089838530
305636	443	751772398
305366	381	642061381
305366	382	643250182
305898	549	895439102
305366	646	992745293
305516	264	405796987
305516	265	407195617
305832	193	239710488
305377	790	1448595252
305377	803	1475204854
305338	15	26570837
305440	200	336401890
305440	204	343913733
305237	981	1848112558
305840	486	894631436
305406	802	1444987429
305406	817	1468669846
305586	54	33888646
305112	1124	1920806313
305045	317	549913560
305178	96	78258508
305248	19	31407341
305248	59	106732159
305059	424	589343440
305064	1383	1798222236
305045	374	642178641
305207	136	170717383
305202	420	626151052
305112	644	1098049954
305064	1246	1675527176
305046	355	377673013
305636	2091	3385878831
305814	458	719516904
305862	279	410060718
305821	295	479801592
305809	59	40950916
305898	89	70648743
305821	708	1183621069
305814	102	60752939
305814	104	65399929
305840	160	294695271
305814	1476	2465747111
305814	479	756209524
305814	1595	2633128683
305840	928	1570192054
305821	503	854525184
306138	449	677562915
305814	712	1158637244
306420	95	164160541
305862	217	291822310
305840	854	1471355805
305840	464	853224865
305862	446	723283419
305814	1260	2139856314
305862	341	529977461
305814	539	847484473
305842	63	75799637
305832	102	58741304
305821	191	288283766
305809	71	63247390
305814	1536	2551233115
305814	1537	2553600513
305814	1823	2925149896
305840	68	126200155
305809	168	243681863
305862	171	202535380
305821	753	1267117573
305814	464	730258271
305840	718	1275160946
305814	418	650295295
305814	418	651630755
306138	1015	1347711809
305840	47	87158205
305821	569	951083433
305814	1625	2673853113
305766	337	577284522
305840	1095	1786988984
305902	262	390352411
305862	409	654474528
305207	548	862650003
305064	1037	1471031157
305045	325	563596766
305045	595	986762880
305045	413	702019612
305112	1276	2143530726
305202	552	841038838
305044	144	233425990
305044	164	266376023
305237	548	1029284347
305862	264	381313109
305809	160	228742480
305814	1083	1835924919
305821	654	1097399653
305814	1664	2726326635
305862	619	1019425041
305814	1390	2337801897
305821	661	1109675525
305821	189	283289107
305898	713	1167780329
305766	690	1210182742
305766	690	1209009302
305766	785	1392861343
305902	274	412345466
305766	128	168899242
305821	249	396804138
305840	98	182531029
305840	193	359363015
305840	469	862492755
305902	188	260016850
305902	193	269270364
305840	997	1659367177
305766	746	1314848492
305898	370	583322869
305902	151	196740734
305898	161	200521698
306125	513	906654148
305766	483	850082663
305766	489	862255237
305044	48	74647948
305313	124	219796159
305208	363	563831975
305341	192	324371394
305188	291	498221357
305204	838	1270037457
305313	403	692614552
305081	783	1326863689
305204	1041	1495782726
305188	656	1021844997
305188	751	1146407252
305766	447	785366850
305821	118	147270102
305821	143	195606364
305898	301	459023511
305809	126	165650222
305809	126	165549584
306432	38	65202215
305636	459	781511645
305821	582	976872813
305898	111	111933999
305898	212	295472462
305898	213	297665646
305766	129	171226436
305766	141	197114336
305204	540	890295632
305207	78	69977503
305204	511	848579800
305114	338	366921929
305114	391	418196646
305064	1427	1835815358
305064	1465	1867286403
305064	566	908067504
305183	28	47938805
305046	120	135791877
305064	194	318471477
305202	698	1093497625
305046	33	37987265
305234	74	51810851
305208	238	388824670
305202	514	781868110
305204	111	185655074
297219	997	1735487124
297665	115	193554388
299061	177	220483010
297411	728	1215607740
297486	363	594612716
297411	367	592777709
297503	307	553255155
297175	73	125008915
297050	137	176562323
297604	385	615061740
297488	303	338525180
297604	400	638887541
297722	191	269262546
297722	194	273975102
297219	195	398760920
297178	868	1054520015
297604	222	364433276
299096	88	149751729
297178	112	156516886
297675	129	219528590
299062	45	79213242
297429	3	3651802
297057	623	752828375
297606	115	146542567
297557	164	263224752
297722	237	350081860
297563	155	214485750
297487	374	489487322
297431	156	279127519
299184	107	166638556
297656	162	252297572
297557	329	537482323
297219	2027	2958156420
297606	191	241415572
299096	33	53433245
297606	163	206761320
297178	510	661951714
299065	242	355045882
299067	409	506231782
297219	631	1179774068
297603	135	232706283
297620	205	291752246
297503	165	308394771
297178	411	541824173
297100	114	206256826
297563	31	43285755
297563	38	53083313
299481	148	177168698
301323	545	534718059
300238	265	264939490
299480	612	863891958
300226	334	453084524
301323	891	840043486
299370	642	820196475
300375	27	37740051
300226	235	296015002
300280	239	288812972
300466	241	324362324
300401	172	199590940
300401	584	675996559
300155	350	459165606
300236	22	20552179
300284	63	91616380
299595	131	154313443
299594	217	272956722
300122	260	348689709
300122	1279	1714795375
300462	68	102005132
300123	195	227856714
299481	1211	1247834598
300122	440	607847993
300123	414	457525351
300237	241	342051229
300226	341	464413765
299480	386	550465529
299597	448	467882692
300122	502	696808368
300785	945	1122839281
299369	255	342377054
300461	25	36948079
300777	369	564948128
300284	184	262050013
300157	281	301492370
299597	320	344030719
300123	468	513780242
300157	217	233504786
300157	184	197507591
299450	82	65480017
299594	72	92599557
300157	450	476462264
300466	127	174586874
300122	758	1048186883
300461	19	26202873
300237	306	429446374
299593	553	706649440
300157	775	785511305
300467	384	382362676
300284	90	129564708
299480	57	81404205
300401	554	643542346
300155	136	153394751
300280	630	837929285
301283	263	236451108
300576	910	1319616841
301392	175	180250108
301142	554	470110237
301142	567	479663626
300515	376	623778792
300466	591	738185702
300558	262	371411056
300636	731	925389315
300633	235	360584157
300636	570	740040347
300576	622	927963347
300777	128	182529522
300742	226	329579998
301384	252	287130218
300558	109	144553602
301997	260	273488890
301986	82	74588677
300155	843	1137404992
300467	557	537427470
301142	576	486013445
300467	501	490292208
300777	69	76008641
300633	215	331122736
300785	96	130319878
299649	300	432846798
301323	958	885464454
300237	115	169294747
300576	269	414946803
300576	236	363799040
301997	388	413120950
301417	113	89859230
301142	782	624087082
301399	22	13939589
301987	1054	707952896
300780	172	247581182
300515	391	647374784
300560	197	233472845
300636	618	797535820
300560	521	596192100
301986	89	81192443
300517	621	715660650
301392	231	233842767
300636	33	46817773
300636	649	832020303
301531	54	41411482
299480	123	182441692
301627	517	453825570
301959	1870	1673565222
301531	206	152414276
301472	79	47365111
301665	28	25182630
301627	166	129317897
301959	309	366895270
301450	76	52412958
301567	209	202410579
301472	601	578777287
301914	278	185331582
301627	83	40746088
301567	306	300835828
300389	103	154849688
301960	138	80577428
301665	257	219075199
301941	261	250052689
301959	64	48010128
301998	917	796789310
301984	282	334255357
300811	16	19750179
301330	101	90728682
300240	60	48896329
300240	77	64983997
299481	594	671777573
299481	617	696488323
300123	398	441133717
300123	440	484708884
300401	512	600858428
300280	412	518303162
300157	682	699949846
299369	93	127417592
300237	698	942084653
302240	870	812649753
302040	65	49879376
302277	162	161932559
302494	443	371781968
302472	501	615063705
302448	1744	1694160962
302263	1056	869628081
302448	80	77051329
302525	156	208530890
302474	207	174186470
302476	181	139124250
302448	827	929480806
302448	1432	1452594000
302392	225	271816991
302596	444	524627713
302573	519	521369374
302225	717	625978977
302393	784	820038349
302344	427	372166951
302328	321	275403154
302031	464	482622416
302479	247	310062890
302494	92	79405855
302322	474	389171786
302344	257	232058885
302031	372	393782254
302262	57	33287998
302472	144	173227245
302494	440	368848478
302472	794	928050091
302228	72	20789478
302448	848	949646464
302344	350	309159013
302494	472	394341902
302322	401	329554556
302448	1131	1205690235
302388	325	384450175
302448	1466	1478831523
302448	1474	1485737566
302473	2	1864257
302494	55	48148952
302494	558	458316599
302388	135	148078800
302131	475	423287430
302448	1406	1432166489
302472	708	839864220
302553	109	138125483
302525	613	726014106
302634	259	307656662
302654	102	128619865
302663	496	598351571
302596	469	552518721
302635	399	398912570
302525	522	630613732
302663	200	254317358
302573	1181	1063864043
302654	180	224017704
302596	504	593146863
302388	106	110254374
302597	577	494533646
302597	668	568569628
302635	64	67264981
302597	552	475230081
302525	169	226030423
302596	109	102327246
302573	297	309791851
302597	846	707079597
302573	243	255204544
302263	1245	992529518
302448	247	294244685
302393	491	538304635
302448	186	218226766
302448	590	685237551
302448	1901	1805879015
302163	850	738196982
302262	305	325534866
302448	323	385383141
302448	480	566843302
304158	1630	1928099789
304062	60	11426261
303838	494	739292118
304797	2908	3547295213
304447	1554	2244749365
304797	431	777096543
304508	987	1238109686
304158	1586	1889132260
304797	2661	3392316975
303948	1614	2173393787
304292	1386	1999766577
304158	1309	1624576532
303999	451	728209875
304158	566	692658968
304366	1835	2555676457
304655	137	236603778
304144	1743	2609586156
304797	1130	1975724337
304797	1495	2414885916
304671	427	681888776
304144	1456	2314972270
304616	502	813298985
303832	804	966554404
304292	929	1533255064
303825	108	91604179
304333	904	1481674724
304144	580	1010951104
304170	465	408008631
303998	111	110892254
304062	1230	1696927242
303832	129	114432617
304062	1712	2150587671
304366	1256	1980817864
304158	1098	1401774153
303885	1915	2229987477
303885	263	353014075
304797	500	898353545
304506	211	349947825
304169	459	718171772
304158	641	804593171
304062	1767	2196410554
304062	1246	1713097365
304169	225	323106611
303838	1708	2043592506
304797	1083	1909608624
304333	660	1068974630
304446	79	91034694
304366	516	842156426
304158	614	765493754
304292	1605	2189719642
304292	1609	2193352027
304125	178	319638984
303998	89	73129102
304447	80	147146923
304797	828	1506985752
304655	300	493511767
304366	1165	1870470817
304662	47	69098225
304062	1174	1638232902
304125	618	953559367
304125	609	942052204
304625	302	433026936
304062	1233	1700511718
303838	269	394217663
304616	130	173679785
304671	707	1168222566
304158	1133	1443444469
303838	517	771191957
304654	125	165984898
304663	395	704605211
304655	654	955994695
304144	2068	2904080593
304333	1545	2257766431
304144	1878	2735273422
303999	142	248004715
303999	171	296912746
304125	248	428294712
304062	691	1048645665
304144	149	170913235
304562	726	1240082561
304671	789	1307906575
304797	2537	3309658656
303832	1636	1684275820
303832	873	1036557028
304366	135	216016250
303948	357	565418972
304125	1428	1793335049
303999	28	49625778
304655	264	442145589
304125	1416	1783451455
304158	998	1280417112
304169	244	358395890
304169	573	899166221
303885	787	1122295796
304354	176	191080610
304158	647	812793435
304158	768	979046258
304333	1089	1740134544
304209	83	75513200
304562	529	854054119
304562	530	854480070
304671	811	1347800228
304797	60	83518839
304797	707	1286664588
304616	390	621493661
303832	1847	1837525068
304209	361	613901364
303885	1270	1669873511
304447	222	375916199
304366	282	477842450
304158	676	851306616
304144	1325	2167773026
304671	1107	1795344395
304506	69	120100228
304158	1719	2003078628
304204	411	651498478
304562	701	1189006617
304797	790	1439271069
304797	354	637574428
304616	904	1485022977
304125	95	177646523
304062	872	1291845336
304616	853	1408884619
304144	2170	2987965543
304209	106	122845935
303999	459	740790445
304144	1883	2740316679
304671	771	1278069345
304204	355	546452934
304671	157	222922644
304654	136	189035794
304562	117	134447393
304447	621	1095500817
304062	1640	2089014035
304170	216	199312869
304738	521	881838899
304777	305	510786967
304738	1450	2232407232
304738	573	979359188
304778	1008	1459911417
304778	953	1403666129
304778	388	683387186
303948	379	602588518
304292	820	1404915740
303832	1780	1790247954
303885	1762	2112746306
304144	1143	1929806132
304663	357	640775803
303838	717	1045943190
304447	667	1173383555
304169	1167	1621774034
304158	1230	1544694764
304333	1017	1642189880
305112	98	77468272
305636	1831	3082550781
305202	143	149310824
305313	370	639637816
305112	1513	2439646641
305064	30	46253853
305207	621	968574843
305081	176	243566847
305186	198	311043407
305314	60	72193718
305081	614	1053495345
305045	549	918998973
305202	579	877257219
305207	952	1533565041
305112	838	1434199314
305336	190	306388984
305064	536	866980280
305046	638	639504022
305183	151	252851208
305064	1301	1726224520
305045	267	469624190
305045	93	170386859
305178	118	117879406
305636	314	510419804
305188	980	1418745987
305207	1032	1677692623
305207	1062	1731650713
305045	650	1062845540
305636	451	766342538
305046	388	410320777
305183	160	268301098
305204	914	1357726546
305186	149	232171184
305186	403	658416017
305636	1482	2610792593
305636	1293	2320737265
305237	308	595813500
305406	320	592101853
305377	410	747650362
305377	1396	2425590610
305589	250	482573894
305586	378	638535330
305310	62	32485215
305902	360	561052010
305406	174	309125257
305590	725	902535243
305237	600	1118714735
305364	120	146649877
305351	799	1195074776
305377	1212	2177779251
305377	724	1320721493
305518	468	854535304
305338	47	85748974
305310	404	680705081
305862	349	544666939
305351	105	189895356
305441	47	79218627
305518	295	557189403
305282	159	190558432
305365	215	364708833
305336	207	338278496
305862	363	570786883
305247	161	224218651
305636	420	710365499
305365	203	344796701
305840	451	828721485
305589	115	221216386
305237	1007	1895594640
305590	352	479249645
305351	64	114552680
305898	538	877397608
305898	490	794589588
305406	1292	2097390585
305237	281	544413773
305046	71	81999182
305377	1168	2113360736
305377	349	641831662
305351	126	226061325
305313	671	1068350831
305518	832	1388718110
305341	96	170233054
305586	126	164665989
305406	446	828276042
305405	182	329551640
305237	234	453582820
305248	620	1107766344
305589	386	735879594
305358	173	178388130
305862	93	49109451
305237	979	1844423093
305814	986	1663208839
305862	539	887286220
305840	855	1471589211
305821	348	577551038
305898	300	457511470
305178	102	90132420
305840	614	1113214751
305842	652	696131679
305814	780	1278465621
305862	485	794730515
306154	85	100439384
305045	627	1031911003
305248	37	65048647
305046	253	274465593
305766	546	949669531
305862	412	658925261
305112	310	482551165
305207	182	252297520
305064	1464	1866413269
305183	12	20692209
305081	324	529374873
305046	418	438360396
