301665 395 327728284
301472 253 237806349
301959 67 52680445
301664 41 10401499
301447 319 302082153
301524 151 137734175
301998 1312 1072045872
301959 831 901008804
301397 470 346865022
301283 499 425606407
301998 210 208806574
301985 346 354464803
301283 829 674745788
301330 90 77792178
301447 225 205045694
301472 216 197670322
302393 92 109395109
302031 266 287280676
302526 52 48778942
302635 1281 1114177909
302131 72 37317074
302328 661 569720971
302392 180 208189110
302473 176 173093175
302635 28 28678142
302322 862 675192703
302484 97 131441384
302472 302 381050047
304507 202 245819258
304366 522 854144651
304333 102 98260291
304797 1365 2270024445
304671 428 683047400
304797 2343 3171728854
304125 1603 1934718511
304125 783 1158042283
303838 122 133075728
303999 643 985203116
303838 1026 1414495887
303885 1826 2161486020
303885 1317 1715363367
304738 474 799136852
304120 119 232877671
303838 610 905267044
304738 133 235622709
304333 1637 2340300003
304169 1027 1470312745
304158 1236 1551055132
304655 354 572369552
304616 487 784449095
304562 252 353795840
304169 487 764595338
304616 458 729013901
304797 1671 2598859499
304671 93 105386963
305112 1144 1951579081
306095 83 110726420
305809 56 37008222
305313 124 219796159
305045 81 147951873
306042 168 325712599
305766 129 171770709
305045 449 758687924
305365 153 262316594
305186 399 651178266
305366 1168 1545130981
306092 618 1139577886
305366 507 817241897
305898 685 1122143826
305366 593 925523878
305967 20 35948185
305589 308 593289357
305840 907 1542898357
305518 965 1565685653
305589 370 706049309
305517 63 109497212
305842 95 113314862
305112 219 304053089
305377 44 78433412
306459 1647 1928284447
306459 110 177761419
305821 590 990724787
305081 118 131642134
305314 27 31689418
305814 827 1370585900
306454 16 20628750
316217 143 168245012
316766 378 487299711
315322 1157 701120761
315973 785 891607544
316058 348 434636004
316569 327 400382927
316240 774 1090830534
316218 397 552070636
316722 369 494131849
315800 328 408260969
316505 1210 1586300497
316114 294 314667789
316153 201 281205575
316722 210 290642466
316766 1243 1710622035
316766 1017 1403156441
315489 703 379333446
316058 219 264890846
316216 352 468321131
316876 352 498549353
316995 620 929681971
318877 404 591221686
317663 255 368092640
317527 960 1364338434
320025 38 61319000
320038 211 290207164
320064 122 198069715
320065 140 228264493
319524 1192 1779257901
321973 327 554646657
323997 183 346582192
325117 493 833470921
322204 974 1734444888
321973 223 354374200
321973 881 1545772934
324791 541 979992509
321415 623 981848083
321909 1504 2485204560
325000 341 630484627
322332 937 1639406234
323471 34 66059777
322022 648 1126545714
324318 287 582515438
323702 664 1148869677
321393 77 128460858
323778 40 77593122
324970 1382 2568342340
324293 316 547681595
324747 236 334113158
322113 90 89692065
322356 86 165852071
323470 260 477030489
324785 494 833246999
325170 333 613569478
325117 270 485556360
321475 198 267255514
324315 113 213768393
321735 40 64216988
321917 478 875354859
322068 545 937318669
322179 1392 2385035119
322431 269 469677959
