1 2911 291032
1 2911 291068
1 2914 291337
1 2914 291342
1 2914 291334
1 2915 291476
1 2916 291523
1 2918 291750
1 2918 291751
1 2919 291837
1 2919 291843
1 2919 291899
1 2920 291975
1 2921 292059
1 2921 292058
1 2921 292072
1 2921 292100
1 2923 292206
1 2923 292214
1 2923 292284
1 2924 292397
1 2925 292442
1 2927 292610
1 2928 292793
1 2929 292895
1 2930 292944
1 2930 292955
1 2931 293010
1 2932 293136
1 2933 293209
1 2933 293290
1 2935 293465
1 2935 293460
1 2935 293484
1 2937 293670
1 2937 293679
1 2940 293912
1 2940 293934
1 2940 293935
1 2940 293945
1 4411 441025
1 4412 441106
1 4412 441102
1 4412 441179
1 4412 441167
1 4413 441261
1 4414 441364
1 4415 441442
1 4416 441514
1 4416 441562
1 4417 441654
1 4418 441786
1 4419 441867
1 4420 441987
1 4421 442042
1 4422 442113
1 4424 442372
1 4424 442371
1 4425 442471
1 4426 442502
1 4426 442556
1 4426 442546
1 4427 442657
1 4430 442904
1 4430 442939
1 4430 442997
1 4431 443088
1 4431 443094
1 4432 443176
1 4433 443264
1 4434 443328
1 4435 443472
1 4438 443761
1 4439 443835
1 4531 453060
1 4532 453111
1 4532 453195
1 4533 453202
1 4533 453251
1 4533 453290
1 4536 453516
1 4536 453502
1 4536 453542
1 4536 453547
1 4536 453575
1 4537 453648
1 4538 453744
1 4538 453780
1 4540 453928
1 4541 454008
1 4542 454134
1 4542 454160
1 4544 454382
1 4545 454414
1 4546 454512
1 4546 454515
1 4546 454566
1 4547 454619
1 4547 454655
1 4547 454669
1 4550 454942
1 4552 455122
1 4553 455254
1 4553 455266
1 4556 455594
1 4558 455752
1 4558 455790
1 4560 455961
1 4560 455965
1 4681 468056
1 4681 468057
1 4681 468063
1 4682 468131
1 4682 468105
1 4684 468325
1 4684 468338
1 4685 468411
1 4687 468615
1 4687 468618
1 4689 468812
1 4689 468852
1 4689 468879
1 4690 468909
1 4691 469044
1 4692 469127
1 4692 469194
1 4693 469240
1 4693 469274
1 4694 469364
1 4696 469562
1 4698 469710
1 4701 470046
1 4703 470239
1 4706 470507
1 4706 470519
1 4706 470537
1 4706 470550
1 4706 470557
1 4707 470661
1 4707 470696
1 4709 470879
1 4710 470912
1 2941 294008
1 2941 294003
1 2941 294031
1 2941 294044
1 2941 294042
1 2943 294217
1 2944 294323
1 2945 294441
1 2947 294652
1 2947 294696
1 2949 294876
1 2950 294903
1 2950 294972
1 2950 294998
1 2951 295030
1 2951 295035
1 2952 295134
1 2952 295139
1 2952 295197
1 2953 295282
1 2954 295373
1 2955 295483
1 2955 295493
1 2957 295617
1 2957 295625
1 2957 295651
1 2957 295665
1 2959 295843
1 2959 295882
1 2961 296035
1 2966 296544
1 2966 296592
1 2968 296715
1 2968 296768
1 2968 296783
1 2970 296974
1 4771 477017
1 4771 477031
1 4771 477070
1 4772 477177
1 4773 477253
1 4774 477388
1 4775 477441
1 4776 477505
1 4776 477545
1 4776 477550
1 4779 477828
1 4779 477895
1 4780 477906
1 4780 477911
1 4781 478028
1 4781 478050
1 4786 478548
1 4787 478609
1 4787 478699
1 4788 478718
1 4789 478808
1 4790 478926
1 4790 478989
1 4794 479313
1 4794 479381
1 4795 479458
1 4796 479543
1 4797 479640
1 4799 479845
1 4800 479960
1 31 3013
1 32 3115
1 32 3123
1 32 3162
1 32 3191
1 33 3250
1 34 3394
1 36 3529
1 36 3547
1 36 3588
1 38 3794
1 39 3811
1 40 3925
1 40 3960
1 41 4004
1 42 4117
1 43 4246
1 44 4329
1 44 4378
1 45 4434
1 46 4535
1 46 4585
1 48 4707
1 51 5081
1 53 5263
1 54 5314
1 54 5344
1 54 5385
1 55 5487
1 56 5582
1 57 5613
1 57 5626
1 60 5913
1 60 5936
1 62 6102
1 62 6169
1 64 6346
1 64 6383
1 64 6385
1 65 6419
1 69 6845
1 71 7014
1 72 7141
1 73 7220
1 74 7327
1 75 7415
1 78 7748
1 79 7824
1 80 7951
1 81 8016
1 81 8029
1 83 8211
1 85 8471
1 86 8518
1 86 8539
1 88 8736
1 89 8872
1 90 8914
1 121 12006
1 121 12035
1 122 12126
1 122 12111
1 123 12224
1 125 12448
1 125 12473
1 125 12477
1 126 12517
1 126 12523
1 126 12537
1 127 12612
1 128 12708
1 128 12719
1 129 12880
1 129 12900
1 130 12928
1 131 13018
1 131 13024
1 131 13057
1 131 13087
1 132 13107
1 133 13225
1 136 13533
1 136 13552
1 136 13571
1 137 13617
1 137 13650
1 138 13757
1 139 13864
1 139 13857
1 140 13941
1 141 14008
1 142 14137
1 142 14194
1 143 14252
1 143 14262
1 145 14485
1 146 14566
1 147 14698
1 148 14708
1 149 14866
1 150 14956
1 152 15101
1 152 15141
1 152 15199
1 154 15343
1 154 15362
1 155 15407
1 155 15419
1 155 15489
1 156 15549
1 156 15569
1 157 15673
1 157 15671
1 158 15710
1 158 15782
1 160 15947
1 160 15958
1 160 15967
1 161 16083
1 161 16095
1 162 16111
1 165 16436
1 165 16460
1 165 16473
1 165 16488
1 166 16503
1 166 16547
1 166 16575
1 167 16639
1 168 16750
1 169 16846
1 169 16860
1 172 17105
1 173 17284
1 173 17292
1 174 17364
1 177 17632
1 177 17671
1 178 17752
1 179 17889
1 180 17980
1 180 17971
1 481 48042
1 481 48045
1 481 48052
1 481 48094
1 483 48258
1 483 48278
1 485 48405
1 485 48462
1 486 48530
1 487 48611
1 487 48655
1 488 48784
1 489 48811
1 489 48832
1 489 48859
1 491 49010
1 491 49078
1 491 49097
1 492 49107
1 492 49105
1 492 49126
1 492 49142
1 492 49179
1 493 49213
1 493 49261
1 494 49313
1 495 49405
1 495 49447
1 496 49526
1 497 49639
1 497 49695
1 499 49862
1 499 49886
1 500 49984
1 501 50019
1 502 50108
1 502 50149
1 503 50205
1 504 50302
1 505 50423
1 506 50594
1 507 50636
1 507 50670
1 508 50734
1 508 50747
1 508 50770
1 508 50798
1 508 50771
1 509 50827
1 510 50945
1 510 50959
1 514 51367
1 515 51421
1 515 51452
1 515 51465
1 516 51590
1 516 51583
1 517 51609
1 518 51725
1 520 52000
1 521 52020
1 521 52093
1 522 52157
1 523 52247
1 524 52359
1 524 52388
1 525 52404
1 525 52403
1 525 52427
1 526 52571
1 526 52564
1 526 52574
1 527 52616
1 528 52720
1 529 52837
1 530 52956
1 531 53007
1 531 53018
1 531 53046
1 532 53120
1 532 53145
1 532 53169
1 532 53180
1 533 53288
1 534 53328
1 534 53391
1 535 53420
1 535 53428
1 536 53593
1 538 53734
1 543 54206
1 543 54285
1 544 54357
1 546 54527
1 546 54569
1 546 54589
1 547 54619
1 547 54656
1 547 54662
1 548 54721
1 548 54709
1 548 54780
1 548 54777
1 549 54872
1 549 54896
1 551 55050
1 552 55109
1 552 55184
1 554 55336
1 554 55354
1 555 55435
1 555 55463
1 555 55472
1 555 55478
1 556 55504
1 556 55523
1 556 55592
1 557 55674
1 557 55687
1 558 55709
1 559 55817
1 559 55854
1 559 55857
1 559 55874
1 559 55867
1 561 56088
1 562 56145
1 562 56167
1 563 56265
1 565 56457
1 565 56485
1 566 56513
1 566 56597
1 566 56594
1 568 56721
1 568 56800
1 569 56879
1 570 56955
1 1021 102052
1 1021 102061
1 1021 102077
1 1022 102182
1 1023 102266
1 1023 102267
1 1023 102244
1 1024 102358
1 1025 102402
1 1026 102575
1 1027 102610
1 1027 102700
1 1028 102762
1 1029 102844
1 1029 102887
1 1032 103149
1 1032 103150
1 1032 103171
1 1034 103374
1 1036 103512
1 1036 103548
1 1036 103559
1 1037 103654
1 1037 103666
1 1038 103782
1 1039 103831
1 1041 104022
1 1041 104073
1 1042 104160
1 1042 104140
1 1044 104364
1 1044 104396
1 1046 104552
1 1046 104600
1 1047 104697
1 1048 104759
1 1048 104762
1 1048 104786
1 1049 104882
1 1049 104900
1 1049 104897
1 1050 104946
1 1050 104994
1 1051 105088
1 1052 105101
1 1052 105146
1 1054 105339
1 1055 105416
1 1057 105622
1 1057 105676
1 1058 105768
1 1060 105986
1 1061 106037
1 1063 106268
1 1063 106274
1 1064 106306
1 1065 106413
1 1065 106437
1 1065 106434
1 1066 106532
1 1067 106604
1 1067 106667
1 1068 106729
1 1068 106800
1 1070 107000
1 1072 107112
1 1072 107152
1 1074 107310
1 1075 107438
1 1075 107463
1 1079 107813
1 1079 107883
1 1080 107917
1 1080 107958
1 1081 108013
1 1081 108060
1 1081 108099
1 1082 108128
1 1082 108167
1 1082 108174
1 1082 108197
1 1084 108378
1 1085 108411
1 1088 108789
1 1089 108801
1 1089 108809
1 1091 109078
1 1094 109372
1 1100 109932
1 1100 109970
1 1101 110099
1 1103 110261
1 1105 110442
1 1105 110473
1 1106 110520
1 1107 110630
1 1108 110716
1 1109 110888
1 1110 110939
1 1112 111121
1 1112 111141
1 1112 111149
1 1114 111327
1 1114 111332
1 1114 111345
1 1114 111357
1 1114 111364
1 1114 111378
1 1115 111402
1 1115 111421
1 1116 111585
1 1117 111626
1 1117 111608
1 1119 111889
1 1119 111883
1 1121 112013
1 1121 112012
1 1121 112028
1 1121 112069
1 1122 112185
1 1124 112334
1 1126 112537
1 1126 112555
1 1126 112559
1 1126 112585
1 1128 112778
1 1129 112811
1 1130 112989
1 1132 113161
1 1132 113178
1 1132 113189
1 1135 113446
1 1137 113616
1 1137 113647
1 1137 113694
1 1138 113703
1 1138 113714
1 1138 113777
1 1139 113802
1 1141 114092
1 1144 114378
1 1146 114569
1 1147 114683
1 1151 115038
1 1151 115087
1 1152 115138
1 1153 115217
1 1153 115261
1 1154 115320
1 1158 115720
1 1158 115710
1 1158 115746
1 1159 115822
1 1160 115968
1 1160 115997
1 1161 116063
1 1162 116144
1 1163 116252
1 1163 116287
1 1165 116479
1 1165 116494
1 1167 116689
1 1167 116691
1 1169 116821
1 1169 116854
1 1171 117082
1 1172 117124
1 1174 117357
1 1176 117554
1 1178 117725
1 1180 117991
1 1181 118055
1 1182 118121
1 1183 118295
1 1185 118410
1 1185 118404
1 1185 118442
1 1187 118608
1 1188 118759
1 1190 118965
1 1191 119064
1 1193 119268
1 1195 119466
1 1195 119479
1 1198 119704
1 1201 120023
1 1201 120089
1 1202 120185
1 1202 120179
1 1204 120307
1 1204 120314
1 1205 120496
1 1207 120688
1 1209 120821
1 1209 120827
1 1210 120932
1 1211 121002
1 1211 121041
1 1212 121115
1 1212 121154
1 1212 121185
1 1214 121336
1 1214 121358
1 1215 121457
1 1215 121464
1 1215 121466
1 1217 121614
1 1219 121832
1 1221 122011
1 1223 122228
1 1224 122387
1 1224 122384
1 1225 122466
1 1226 122503
1 1227 122628
1 1227 122652
1 1227 122673
1 1228 122771
1 1228 122800
1 1231 123018
1 1231 123003
1 1231 123096
1 1231 123087
1 1232 123136
1 1232 123181
1 1233 123278
1 1234 123324
1 1236 123535
1 1237 123629
1 1238 123755
1 1239 123872
1 1240 123933
1 1240 123971
1 1240 123999
1 1242 124136
1 1242 124140
1 1242 124187
1 1242 124200
1 1243 124215
1 1243 124259
1 1244 124306
1 1244 124376
1 1244 124348
1 1245 124436
1 1246 124501
1 1247 124682
1 1248 124728
1 1248 124740
1 1253 125273
1 1255 125419
1 1255 125436
1 1256 125508
1 1256 125520
1 1256 125538
1 1256 125505
1 1256 125573
1 1259 125850
1 1259 125885
1 1259 125899
1 1260 125924
1 1261 126022
1 1261 126075
1 1264 126372
1 1265 126465
1 1266 126594
1 1267 126628
1 1268 126757
1 1268 126795
1 1269 126821
1 1270 126919
1 1270 126914
1 1271 127054
1 1274 127313
1 1274 127346
1 1274 127379
1 1275 127432
1 1276 127506
1 1278 127720
1 1278 127741
1 1278 127763
1 1278 127800
1 1279 127830
1 1281 128008
1 1282 128137
1 1287 128612
1 1287 128678
1 1289 128827
1 4442 444146
1 4443 444237
1 4444 444348
1 4444 444395
1 4445 444424
1 4446 444558
1 4446 444566
1 4447 444663
1 4448 444758
1 4449 444806
1 4449 444807
1 4449 444832
1 4449 444828
1 4450 444928
1 4450 444958
1 4451 445079
1 4452 445117
1 4453 445229
1 4453 445281
1 4454 445309
1 4455 445475
1 4456 445558
1 4456 445596
1 4457 445613
1 4457 445620
1 4458 445705
1 4460 445901
1 4460 445933
1 4460 445955
1 4461 446008
1 4462 446159
1 4463 446233
1 4463 446222
1 4463 446265
1 4463 446286
1 4463 446281
1 4464 446347
1 4464 446355
1 4464 446380
1 4465 446421
1 4466 446524
1 4466 446535
1 4466 446555
1 4466 446571
1 4469 446867
1 4591 459004
1 4591 459031
1 4592 459148
1 4594 459359
1 4596 459535
1 4597 459652
1 4598 459711
1 4598 459729
1 4598 459765
1 4598 459764
1 4599 459802
1 4599 459812
1 4601 460035
1 4602 460104
1 4603 460202
1 4603 460212
1 4603 460238
1 4604 460352
1 4606 460511
1 4606 460589
1 4607 460638
1 4608 460706
1 4610 460984
1 4611 461010
1 4611 461027
1 4611 461042
1 4611 461038
1 4612 461169
1 4612 461188
1 4613 461215
1 4613 461247
1 4615 461441
1 4615 461445
1 4615 461487
1 4615 461489
1 4616 461517
1 4616 461518
1 4616 461535
1 4617 461647
1 4618 461788
1 4619 461823
1 4619 461841
1 4620 461917
1 4620 461935
1 4620 461932
1 4621 462055
1 4622 462156
1 4624 462328
1 4626 462546
1 4626 462558
1 4626 462579
1 4627 462675
1 4627 462700
1 4628 462707
1 4628 462737
1 4629 462892
1 4629 462891
1 4631 463019
1 4631 463010
1 4631 463023
1 4634 463307
1 4635 463442
1 4636 463592
1 4637 463631
1 4638 463749
1 4638 463794
1 4642 464112
1 4642 464176
1 4644 464378
1 4645 464430
1 4647 464660
1 4649 464863
1 4831 483011
1 4832 483199
1 4834 483323
1 4835 483418
1 4835 483448
1 4835 483464
1 4836 483534
1 4837 483604
1 4838 483754
1 4838 483782
1 4839 483881
1 4840 483966
1 4840 483984
1 4840 483982
1 4842 484103
1 4842 484114
1 4843 484222
1 4845 484415
1 4845 484424
1 4845 484442
1 4846 484564
1 4847 484611
1 4847 484666
1 4847 484682
1 4847 484695
1 4847 484698
1 4850 484965
1 4850 484990
1 4852 485152
1 4852 485158
1 4852 485175
1 4853 485207
1 4853 485241
1 4855 485448
1 4856 485596
1 4860 485927
1 4860 485984
1 4861 486039
1 4861 486054
1 4861 486097
1 4861 486100
1 4862 486197
1 4864 486389
1 4866 486508
1 4866 486537
1 4866 486567
1 4867 486611
1 4867 486633
1 4869 486850
1 4869 486833
1 4869 486880
1 4870 486934
1 4872 487175
1 4873 487298
1 4874 487363
1 4875 487493
1 4876 487541
1 4877 487604
1 4877 487641
1 4878 487745
1 4879 487816
1 4879 487810
1 4879 487872
1 4879 487893
1 4881 488025
1 4881 488067
1 4881 488076
1 4882 488154
1 4883 488217
1 4883 488260
1 4884 488378
1 4884 488395
1 4885 488477
1 4885 488489
1 4886 488514
1 4886 488550
1 4888 488735
1 4888 488767
1 4888 488781
1 4889 488843
1 4889 488880
1 4890 488982
1 4892 489116
1 4892 489127
1 4892 489186
1 4893 489271
1 4894 489323
1 4894 489342
1 4894 489360
1 4895 489458
1 4896 489503
1 4897 489673
1 4898 489714
1 4898 489776
1 4898 489773
1 4898 489783
1 4899 489885
1 4900 489908
1 4900 489921
1 4900 489971
1 4900 489965
1 4900 489996
1 4902 490151
1 4902 490156
1 4904 490321
1 4904 490312
1 4904 490328
1 4904 490396
1 4905 490436
1 4906 490514
1 4906 490530
1 4907 490629
1 4908 490715
1 4908 490729
1 4910 490982
1 4911 491027
1 4911 491038
1 4911 491097
1 4912 491113
1 4912 491130
1 4912 491163
1 4913 491203
1 4913 491221
1 4915 491423
1 4916 491544
1 4916 491588
1 4917 491670
1 4917 491662
1 4918 491712
1 4918 491756
1 4918 491771
1 4918 491774
1 4920 491930
1 4921 492023
1 4922 492191
1 4923 492254
1 4926 492516
1 4927 492624
1 4927 492648
1 4929 492871
1 4931 493020
1 4932 493178
1 4933 493271
1 4933 493282
1 4933 493298
1 4934 493373
1 4934 493375
1 4935 493416
1 4935 493458
1 4937 493660
1 4937 493680
1 4937 493690
1 4938 493795
1 4939 493884
1 4940 493979
1 4940 493998
1 4941 494057
1 4942 494126
1 4943 494202
1 4943 494222
1 4943 494258
1 4943 494284
1 4943 494286
1 4944 494345
1 4946 494521
1 4946 494564
1 4947 494655
1 4951 495013
1 4952 495177
1 4953 495247
1 4953 495281
1 4956 495547
1 4956 495556
1 4957 495650
1 4958 495727
1 4958 495755
1 4959 495842
1 4959 495853
1 4960 495964
1 4961 496060
1 4961 496084
1 4964 496372
1 4964 496381
1 4965 496457
1 4965 496461
1 4967 496648
1 4968 496720
1 4968 496778
1 4969 496830
1 4969 496866
1 4970 496984
1 4972 497118
1 4973 497289
1 4974 497305
1 4974 497350
1 4974 497379
1 4976 497522
1 4976 497597
1 4977 497624
1 4977 497668
1 4977 497690
1 4978 497736
1 4979 497827
1 4980 497925
1 4980 497952
1 4980 497991
1 2372 237105
1 2372 237168
1 2372 237177
1 2373 237205
1 2373 237221
1 2373 237238
1 2374 237308
1 2378 237706
1 2378 237719
1 2379 237826
1 2379 237883
1 2379 237882
1 2380 237903
1 2381 238012
1 2383 238255
1 2384 238310
1 2385 238413
1 2386 238522
1 2387 238627
1 2389 238803
1 2390 238907
1 2390 238947
1 2392 239125
1 2393 239273
1 2394 239324
1 2394 239338
1 2395 239496
1 2396 239550
1 2397 239698
1 2399 239890
1 2399 239900
1 2400 239944
1 2400 239956
1 4651 465037
1 4652 465137
1 4652 465149
1 4653 465232
1 4654 465336
1 4655 465481
1 4656 465536
1 4656 465552
1 4657 465697
1 4657 465700
1 4659 465820
1 4659 465831
1 4660 465996
1 4662 466112
1 4663 466224
1 4663 466263
1 4663 466256
1 4664 466334
1 4664 466319
1 4664 466350
1 4664 466372
1 4665 466428
1 4665 466451
1 4668 466766
1 4668 466774
1 4668 466787
1 4670 466937
1 4671 467068
1 4672 467197
1 4673 467278
1 4675 467411
1 4675 467416
1 4675 467490
1 4677 467605
1 4677 467648
1 4677 467667
1 4677 467692
1 4677 467689
1 4680 467936
1 4711 471048
1 4711 471098
1 4712 471143
1 4712 471150
1 4713 471256
1 4713 471281
1 4714 471400
1 4715 471470
1 4716 471538
1 4718 471794
1 4718 471795
1 4720 471959
1 4720 471960
1 4721 472089
1 4722 472106
1 4722 472120
1 4722 472191
1 4726 472532
1 4726 472595
1 4729 472801
1 4729 472832
1 4729 472894
1 4730 472901
1 4732 473157
1 4732 473188
1 4733 473258
1 4734 473329
1 4734 473382
1 4734 473397
1 4735 473413
1 4736 473505
1 4736 473557
1 4737 473607
1 4737 473627
1 4739 473863
1 4739 473878
1 4742 474145
1 4742 474157
1 4743 474206
1 4745 474404
1 4745 474405
1 4747 474643
1 4747 474691
1 4748 474747
1 4749 474817
1 4750 474955
1 4751 475054
1 4752 475180
1 4753 475289
1 4753 475293
1 4755 475460
1 4756 475506
1 4756 475552
1 4759 475817
1 4759 475828
1 4759 475851
1 4762 476118
1 4763 476218
1 4764 476361
1 4765 476445
1 4768 476725
1 4768 476748
1 4769 476812
1 4770 476993
1 4802 480108
1 4803 480264
1 4804 480344
1 4805 480410
1 4807 480622
1 4807 480663
1 4808 480706
1 4808 480767
1 4809 480889
1 4810 480908
1 4810 480969
1 4812 481158
1 4814 481346
1 4814 481345
1 4816 481505
1 4816 481521
1 4817 481638
1 4818 481732
1 4819 481820
1 4819 481837
1 4819 481840
1 4820 481906
1 4820 481923
1 4820 481946
1 4820 481933
1 4820 481966
1 4823 482222
1 4823 482267
1 4824 482333
1 4825 482431
1 4825 482466
1 4826 482586
1 4826 482579
1 4827 482632
1 4827 482633
1 4829 482823
1 4829 482873
1 4829 482892
1 4830 482970
1 361 36071
1 363 36205
1 363 36273
1 364 36330
1 365 36429
1 365 36453
1 366 36561
1 369 36845
1 369 36888
1 372 37120
1 372 37169
1 374 37357
1 374 37372
1 375 37411
1 375 37469
1 375 37463
1 377 37670
1 379 37810
1 379 37885
1 382 38158
1 383 38216
1 384 38312
1 384 38394
1 385 38456
1 386 38516
1 388 38780
1 389 38818
1 389 38874
1 571 57097
1 572 57175
1 573 57277
1 574 57315
1 574 57329
1 575 57403
1 576 57596
1 577 57640
1 580 57921
1 580 57966
1 582 58139
1 582 58153
1 583 58236
1 584 58338
1 584 58384
1 584 58392
1 586 58522
1 587 58680
1 589 58805
1 589 58851
1 591 59062
1 591 59092
1 592 59151
1 592 59184
1 592 59190
1 593 59270
1 594 59327
1 594 59396
1 594 59397
1 595 59458
1 596 59507
1 596 59513
1 596 59512
1 596 59574
1 596 59581
1 598 59725
1 598 59709
1 598 59795
1 1292 129108
1 1292 129159
1 1292 129157
1 1294 129307
1 1294 129378
1 1295 129488
1 1296 129523
1 1297 129612
1 1299 129817
1 1305 130403
1 1306 130544
1 1306 130580
1 1307 130614
1 1307 130632
1 1307 130647
1 1308 130766
1 1311 131030
1 1312 131130
1 1313 131222
1 1313 131270
1 1314 131305
1 1314 131338
1 1314 131322
1 1314 131358
1 1314 131366
1 1314 131395
1 1315 131404
1 1315 131434
1 1318 131706
1 1318 131772
1 1321 132027
1 1323 132214
1 1323 132273
1 1324 132370
1 1324 132357
1 1324 132366
1 1326 132545
1 1327 132632
1 1327 132646
1 1327 132663
1 1328 132747
1 1328 132782
1 1328 132788
1 1329 132851
1 1329 132873
1 1330 132954
1 1331 133027
1 1332 133123
1 1332 133167
1 1332 133189
1 1333 133252
1 1333 133287
1 1334 133373
1 1335 133419
1 1335 133492
1 1338 133773
1 1339 133849
1 1339 133871
1 1340 133962
1 1340 133994
1 1341 134050
1 1343 134213
1 1343 134273
1 1346 134509
1 1346 134517
1 1347 134668
1 1348 134702
1 1348 134745
1 1349 134867
1 1349 134882
1 1349 134892
1 1350 134901
1 1351 135011
1 1351 135067
1 1351 135082
1 1352 135109
1 1352 135183
1 1354 135318
1 1355 135458
1 1355 135488
1 1355 135493
1 1364 136310
1 1364 136375
1 1365 136412
1 1366 136534
1 1367 136605
1 1367 136653
1 1367 136648
1 1370 136904
1 1372 137120
1 1374 137305
1 1375 137431
1 1376 137536
1 1378 137702
1 1378 137718
1 1379 137830
1 1411 141023
1 1413 141289
1 1414 141315
1 1414 141340
1 1414 141397
1 1415 141419
1 1415 141435
1 1416 141531
1 1417 141618
1 1417 141685
1 1418 141737
1 1418 141781
1 1420 141909
1 1421 142038
1 1422 142108
1 1424 142346
1 1424 142367
1 1424 142381
1 1425 142427
1 1425 142479
1 1427 142648
1 1427 142679
1 1429 142814
1 1430 142915
1 1430 142918
1 1431 143011
1 1431 143066
1 1432 143109
1 1432 143110
1 1433 143231
1 1433 143275
1 1436 143551
1 1436 143548
1 1437 143648
1 1437 143672
1 1438 143773
1 1439 143867
1 1439 143879
1 1439 143892
1 1439 143894
1 1440 143956
1 1442 144120
1 1443 144214
1 1443 144280
1 1444 144311
1 1444 144310
1 1444 144361
1 1446 144509
1 1446 144532
1 1446 144535
1 1446 144579
1 1447 144697
1 1450 144924
1 1451 145069
1 1454 145328
1 1454 145325
1 1454 145372
1 1454 145399
1 1456 145563
1 1456 145556
1 1457 145603
1 1457 145699
1 1458 145766
1 1459 145865
1 1460 145914
1 1460 145954
1 1461 146026
1 1461 146063
1 1465 146426
1 1465 146442
1 1466 146580
1 1467 146624
1 1470 146929
1 1471 147075
1 1473 147254
1 1473 147262
1 1473 147258
1 1475 147408
1 1476 147524
1 1476 147543
1 1476 147553
1 1476 147556
1 1478 147721
1 1478 147787
1 1479 147898
1 1480 147949
1 1481 148042
1 1481 148061
1 1481 148068
1 1483 148279
1 1483 148244
1 1484 148336
1 1485 148447
1 1485 148473
1 1488 148752
1 1490 148922
1 1491 149070
1 1492 149168
1 1492 149197
1 1493 149271
1 1493 149251
1 1493 149300
1 1493 149297
1 1494 149327
1 1494 149353
1 1494 149370
1 1495 149494
1 1496 149541
1 1498 149768
1 1499 149835
1 1499 149889
1 2191 219058
1 2191 219075
1 2191 219078
1 2192 219177
1 2193 219279
1 2194 219340
1 2194 219385
1 2195 219486
1 2196 219568
1 2196 219573
1 2196 219583
1 2197 219688
1 2198 219750
1 2198 219783
1 2200 219911
1 2200 219996
1 2200 219989
1 2202 220124
1 2202 220191
1 2204 220345
1 2205 220402
1 2205 220496
1 2206 220526
1 2206 220532
1 2207 220611
1 2207 220640
1 2207 220619
1 2207 220659
1 2213 221235
1 2214 221313
1 2214 221393
1 2215 221475
1 2218 221737
1 2219 221810
1 2219 221850
1 2219 221880
1 2220 222000
1 2221 222065
1 2221 222100
1 2222 222188
1 2223 222242
1 2225 222469
1 2227 222609
1 2228 222779
1 2230 222948
1 2230 222972
1 2230 222982
1 2230 222999
1 2232 223131
1 2234 223301
1 2234 223338
1 2236 223509
1 2236 223547
1 2236 223555
1 2236 223559
1 2236 223592
1 2236 223586
1 2238 223790
1 2239 223888
1 2241 224045
1 2241 224049
1 2243 224205
1 2246 224599
1 2247 224631
1 2247 224688
1 2248 224713
1 2248 224752
1 2248 224789
1 2249 224859
1 2249 224881
1 2250 224941
1 2311 231010
1 2311 231059
1 2313 231254
1 2315 231491
1 2316 231596
1 2317 231682
1 2319 231834
1 2319 231871
1 2321 232038
1 2321 232091
1 2322 232139
1 2323 232264
1 2323 232286
1 2324 232316
1 2325 232409
1 2325 232427
1 2325 232482
1 2326 232556
1 2326 232561
1 2327 232606
1 2328 232753
1 2330 232903
1 2330 232987
1 2331 233021
1 2332 233139
1 2334 233335
1 2334 233378
1 2337 233629
1 2339 233891
1 2339 233880
1 2340 233964
1 2340 233959
1 2340 233996
1 2431 243059
1 2432 243126
1 2432 243134
1 2433 243224
1 2434 243331
1 2435 243456
1 2436 243597
1 2437 243662
1 2438 243734
1 2438 243788
1 2440 243964
1 2441 244094
1 2442 244157
1 2442 244152
1 2443 244219
1 2443 244248
1 2444 244378
1 2445 244473
1 2447 244654
1 2449 244869
1 2450 244984
1 2450 244945
1 2451 245031
1 2451 245081
1 2451 245069
1 2451 245099
1 2451 245097
1 2452 245156
1 2453 245237
1 2453 245287
1 2454 245322
1 2455 245420
1 2455 245421
1 2455 245472
1 2455 245485
1 2457 245638
1 2457 245681
1 2458 245743
1 2460 245918
1 2641 264074
1 2641 264063
1 2642 264120
1 2642 264177
1 2645 264481
1 2646 264575
1 2647 264619
1 2650 264951
1 2650 264992
1 2655 265435
1 2656 265539
1 2657 265601
1 2657 265618
1 2657 265657
1 2659 265810
1 2660 265976
1 2661 266079
1 2663 266231
1 2663 266241
1 2663 266223
1 2663 266251
1 2664 266364
1 2665 266442
1 2665 266445
1 2665 266449
1 2665 266476
1 2667 266652
1 2668 266767
1 2670 266905
1 2670 266987
1 2762 276137
1 2762 276180
1 2763 276287
1 2765 276453
1 2766 276554
1 2766 276584
1 2767 276637
1 2767 276681
1 2768 276778
1 2771 277098
1 2775 277414
1 2776 277540
1 2776 277551
1 2777 277611
1 2777 277627
1 2777 277626
1 2777 277666
1 2778 277724
1 2778 277762
1 2778 277800
1 2779 277899
1 2780 277907
1 2781 278084
1 2786 278522
1 2786 278584
1 2786 278599
1 2788 278773
1 2789 278810
1 2789 278827
1 2789 278845
1 2789 278855
1 2790 278917
1 2821 282016
1 2821 282058
1 2822 282141
1 2824 282345
1 2824 282365
1 2825 282447
1 2827 282608
1 2827 282625
1 2827 282640
1 2829 282811
1 2831 283046
1 2831 283082
1 2833 283207
1 2835 283421
1 2835 283430
1 2835 283458
1 2835 283470
1 2836 283519
1 2837 283605
1 2838 283744
1 2839 283807
1 2839 283808
1 2840 283947
1 2841 284083
1 2843 284224
1 2843 284251
1 2843 284288
1 2845 284412
1 2845 284460
1 2847 284639
1 2848 284718
1 2848 284762
1 2849 284873
1 2850 284961
1 2850 284995
1 2882 288170
1 2883 288212
1 2883 288273
1 2884 288312
1 2884 288381
1 2884 288393
1 2885 288419
1 2885 288423
1 2885 288436
1 2885 288481
1 2887 288627
1 2889 288869
1 2889 288894
1 2890 288910
1 2891 289044
1 2891 289047
1 2892 289156
1 2896 289503
1 2896 289585
1 2896 289592
1 2897 289608
1 2899 289808
1 2899 289821
1 2899 289848
1 2899 289856
1 2899 289875
1 2900 289918
1 2900 289971
1 2902 290104
1 2902 290128
1 2903 290229
1 2904 290335
1 2904 290381
1 2906 290521
1 2907 290655
1 2907 290683
1 2909 290801
1 2910 290955
1 2910 290963
1 3061 306092
1 3063 306220
1 3063 306249
1 3065 306406
1 3066 306563
1 3066 306590
1 3068 306707
1 3070 306970
1 3071 307042
1 3071 307070
1 3072 307129
1 3072 307130
1 3073 307231
1 3075 307500
1 3076 307561
1 3076 307585
1 3078 307725
1 3079 307862
1 3079 307894
1 3081 308064
1 3082 308154
1 3083 308223
1 3083 308264
1 3084 308363
1 3084 308397
1 3085 308465
1 3085 308460
1 3085 308488
1 3086 308587
1 3087 308630
1 3087 308638
1 3090 308930
1 3090 308965
1 3602 360145
1 3603 360274
1 3604 360379
1 3605 360409
1 3605 360464
1 3606 360558
1 3607 360630
1 3607 360668
1 3608 360722
1 3609 360843
1 3609 360865
1 3610 360978
1 3612 361124
1 3614 361313
1 3614 361338
1 3615 361483
1 3616 361599
1 3617 361675
1 3617 361690
1 3618 361735
1 3619 361811
1 3619 361878
1 3619 361897
1 3620 361905
1 3620 361920
1 3621 362050
1 3621 362071
1 3621 362068
1 3622 362122
1 3622 362129
1 3622 362147
1 3622 362199
1 3623 362281
1 3624 362385
1 3624 362390
1 3626 362583
1 3627 362687
1 3628 362753
1 3630 362931
1 3630 362988
1 3662 366156
1 3662 366173
1 3663 366213
1 3663 366242
1 3664 366320
1 3665 366421
1 3665 366451
1 3665 366473
1 3666 366506
1 3666 366567
1 3667 366700
1 3668 366710
1 3668 366714
1 3669 366872
1 3675 367425
1 3675 367423
1 3675 367482
1 3676 367538
1 3677 367660
1 3677 367693
1 3678 367715
1 3678 367720
1 3679 367814
1 3680 367942
1 3680 367997
1 3681 368065
1 3682 368159
1 3682 368196
1 3682 368185
1 3683 368253
1 3683 368295
1 3684 368346
1 3684 368349
1 3684 368356
1 3687 368666
1 3689 368808
1 3689 368889
1 4203 420249
1 4205 420437
1 4205 420459
1 4205 420489
1 4207 420653
1 4209 420873
1 4211 421012
1 4211 421011
1 4211 421068
1 4213 421247
1 4215 421484
1 4216 421544
1 4217 421625
1 4217 421638
1 4217 421675
1 4217 421684
1 4219 421809
1 4219 421854
1 4220 421975
1 4221 422061
1 4221 422076
1 4221 422099
1 4222 422113
1 4222 422164
1 4223 422275
1 4225 422402
1 4228 422721
1 4228 422725
1 4230 422972
1 4230 422998
1 632 63154
1 634 63305
1 635 63408
1 635 63475
1 636 63581
1 637 63641
1 640 63945
1 641 64004
1 641 64033
1 643 64227
1 643 64288
1 644 64363
1 645 64429
1 645 64451
1 646 64566
1 650 64963
1 653 65229
1 653 65264
1 654 65335
1 654 65345
1 655 65500
1 656 65578
1 657 65601
1 658 65711
1 659 65819
1 659 65822
1 659 65886
1 660 65931
1 660 65982
1 661 66014
1 662 66137
1 662 66169
1 663 66266
1 663 66261
1 663 66298
1 664 66326
1 664 66364
1 665 66416
1 665 66486
1 666 66507
1 667 66627
1 667 66657
1 669 66900
1 671 67032
1 672 67113
1 672 67139
1 673 67252
1 674 67347
1 676 67517
1 677 67651
1 677 67630
1 677 67664
1 677 67690
1 678 67743
1 679 67811
1 682 68171
1 682 68192
1 682 68183
1 683 68279
1 684 68380
1 684 68399
1 685 68401
1 687 68681
1 688 68718
1 689 68854
1 690 68930
1 690 68982
1 842 84101
1 843 84267
1 844 84322
1 844 84315
1 844 84367
1 846 84591
1 849 84833
1 850 84912
1 851 85098
1 853 85229
1 855 85415
1 855 85484
1 856 85584
1 858 85756
1 858 85778
1 858 85797
1 858 85800
1 859 85819
1 859 85823
1 860 85995
1 861 86082
1 862 86147
1 862 86159
1 863 86219
1 864 86307
1 865 86410
1 865 86436
1 865 86457
1 865 86497
1 865 86488
1 866 86519
1 867 86653
1 867 86700
1 867 86685
1 868 86764
1 868 86767
1 869 86872
1 870 86911
1 933 93204
1 934 93393
1 938 93724
1 938 93747
1 938 93799
1 939 93868
1 939 93878
1 940 93928
1 940 93948
1 940 93962
1 941 94028
1 941 94080
1 943 94216
1 944 94331
1 945 94408
1 945 94451
1 945 94486
1 947 94616
1 947 94622
1 947 94671
1 947 94674
1 948 94795
1 949 94807
1 949 94851
1 952 95171
1 954 95317
1 954 95377
1 955 95406
1 955 95468
1 955 95498
1 956 95509
1 957 95608
1 957 95658
1 957 95688
1 958 95775
1 959 95848
1 959 95895
1 993 99265
1 994 99349
1 995 99406
1 995 99475
1 996 99539
1 996 99557
1 998 99731
1 998 99770
1 999 99807
1 1002 100127
1 1002 100126
1 1002 100185
1 1005 100490
1 1006 100599
1 1007 100601
1 1007 100678
1 1007 100680
1 1008 100723
1 1010 100905
1 1011 101024
1 1011 101061
1 1014 101310
1 1014 101324
1 1014 101339
1 1014 101372
1 1017 101629
1 1017 101694
1 1018 101756
1 1020 101986
1 1381 138028
1 1381 138094
1 1382 138159
1 1383 138214
1 1383 138245
1 1383 138262
1 1383 138255
1 1384 138323
1 1384 138320
1 1385 138428
1 1386 138527
1 1386 138587
1 1388 138737
1 1388 138760
1 1389 138847
1 1392 139182
1 1393 139225
1 1393 139284
1 1393 139266
1 1394 139301
1 1394 139380
1 1396 139532
1 1398 139758
1 1398 139763
1 1398 139774
1 1399 139818
1 1399 139842
1 1399 139844
1 1399 139881
1 1400 139970
1 1401 140079
1 1402 140137
1 1402 140154
1 1402 140175
1 1402 140198
1 1403 140274
1 1404 140372
1 1405 140432
1 1405 140494
1 1406 140584
1 1407 140622
1 1407 140624
1 1532 153190
1 1533 153259
1 1533 153271
1 1534 153378
1 1534 153379
1 1535 153402
1 1535 153410
1 1536 153514
1 1536 153569
1 1538 153776
1 1540 153960
1 1541 154011
1 1541 154025
1 1541 154065
1 1542 154167
1 1542 154193
1 1542 154198
1 1543 154242
1 1543 154278
1 1544 154382
1 1545 154403
1 1547 154636
1 1548 154726
1 1549 154835
1 1550 154964
1 1550 154973
1 1551 155036
1 1552 155106
1 1552 155157
1 1556 155544
1 1557 155683
1 1558 155720
1 1560 155941
1 1560 155977
1 1561 156089
1 1561 156092
1 1563 156245
1 1564 156311
1 1565 156418
1 1565 156453
1 1565 156487
1 1566 156506
1 1566 156538
1 1568 156763
1 1569 156810
1 1571 157015
1 1571 157093
1 1572 157117
1 1572 157103
1 1575 157408
1 1577 157624
1 1577 157636
1 1577 157656
1 1577 157666
1 1578 157734
1 1579 157806
1 1579 157812
1 1579 157857
1 1580 157953
1 1582 158102
1 1582 158126
1 1582 158138
1 1582 158195
1 1582 158190
1 1583 158244
1 1583 158292
1 1584 158337
1 1584 158357
1 1586 158587
1 1588 158747
1 1590 158907
1 1621 162046
1 1621 162083
1 1622 162103
1 1623 162289
1 1627 162613
1 1628 162757
1 1628 162782
1 1632 163157
1 1632 163143
1 1632 163170
1 1634 163309
1 1634 163392
1 1635 163429
1 1635 163447
1 1637 163673
1 1638 163777
1 1638 163787
1 1638 163780
1 1640 163905
1 1640 163986
1 1641 164057
1 1643 164241
1 1644 164348
1 1645 164436
1 1645 164444
1 1647 164601
1 1647 164633
1 1647 164699
1 1648 164774
1 1649 164823
1 1649 164852
1 1649 164877
1 1649 164882
1 1776 177527
1 1776 177532
1 1778 177716
1 1778 177755
1 1778 177784
1 1780 177919
1 1780 177975
1 1782 178147
1 1783 178244
1 1786 178534
1 1788 178779
1 1790 178937
1 1791 179023
1 1793 179290
1 1793 179280
1 1794 179323
1 1794 179388
1 1795 179430
1 1795 179481
1 1796 179594
1 1797 179611
1 1797 179697
1 1798 179767
1 1799 179802
1 1799 179848
1 1800 179920
1 1800 179999
1 2131 213094
1 2134 213310
1 2135 213415
1 2137 213655
1 2137 213660
1 2137 213698
1 2137 213688
1 2140 213927
1 2141 214008
1 2143 214285
1 2145 214474
1 2146 214557
1 2148 214769
1 2149 214868
1 2149 214896
1 2151 215010
1 2152 215154
1 2154 215369
1 2155 215442
1 2155 215485
1 2155 215494
1 2156 215554
1 2157 215609
1 2157 215614
1 2160 215996
1 2160 215993
1 2344 234398
1 2345 234478
1 2347 234693
1 2348 234756
1 2348 234770
1 2349 234864
1 2350 234992
1 2351 235017
1 2352 235139
1 2353 235235
1 2353 235265
1 2353 235282
1 2355 235433
1 2355 235469
1 2356 235540
1 2356 235570
1 2356 235587
1 2357 235688
1 2358 235766
1 2358 235800
1 2360 235942
1 2360 235966
1 2361 236037
1 2362 236135
1 2363 236218
1 2363 236278
1 2364 236340
1 2365 236408
1 2367 236620
1 2369 236837
1 2370 236924
1 2370 236965
1 2671 267039
1 2671 267069
1 2673 267215
1 2673 267234
1 2674 267329
1 2674 267333
1 2674 267392
1 2676 267504
1 2678 267709
1 2678 267718
1 2679 267838
1 2679 267891
1 2680 267911
1 2680 267901
1 2681 268099
1 2683 268206
1 2683 268234
1 2683 268271
1 2684 268377
1 2685 268417
1 2685 268442
1 2687 268641
1 2688 268757
1 2688 268786
1 2689 268833
1 2690 268933
1 2692 269103
1 2694 269352
1 2694 269386
1 2695 269412
1 2695 269452
1 2696 269518
1 2696 269551
1 2696 269577
1 2697 269666
1 2698 269762
1 2698 269799
1 2698 269793
1 2700 269902
1 2700 269928
1 2700 269982
1 2700 269994
1 2851 285041
1 2851 285048
1 2852 285128
1 2852 285153
1 2852 285175
1 2852 285186
1 2853 285218
1 2853 285277
1 2854 285348
1 2855 285426
1 2856 285507
1 2856 285512
1 2858 285764
1 2862 286106
1 2862 286161
1 2863 286213
1 2865 286430
1 2865 286473
1 2866 286520
1 2866 286589
1 2867 286674
1 2868 286759
1 2869 286813
1 2870 286990
1 2871 287028
1 2871 287095
1 2872 287179
1 2872 287175
1 2873 287295
1 2875 287446
1 2875 287463
1 2877 287605
1 2877 287654
1 2877 287664
1 3272 327187
1 3273 327201
1 3273 327224
1 3273 327286
1 3274 327301
1 3274 327313
1 3274 327352
1 3275 327402
1 3275 327424
1 3275 327484
1 3275 327480
1 3276 327520
1 3276 327511
1 3276 327577
1 3277 327636
1 3278 327744
1 3278 327760
1 3279 327848
1 3281 328015
1 3281 328028
1 3281 328076
1 3282 328117
1 3284 328311
1 3284 328329
1 3286 328508
1 3286 328517
1 3287 328642
1 3288 328710
1 3289 328805
1 3290 328979
1 3291 329025
1 3291 329054
1 3292 329125
1 3292 329172
1 3293 329202
1 3293 329234
1 3293 329263
1 3294 329335
1 3294 329364
1 3296 329554
1 3296 329582
1 3296 329594
1 3296 329599
1 3297 329644
1 3297 329657
1 3298 329718
1 3298 329739
1 3298 329753
1 3299 329860
1 3300 329938
1 3393 339258
1 3393 339272
1 3393 339277
1 3395 339401
1 3397 339627
1 3397 339628
1 3397 339687
1 3400 339942
1 3401 340026
1 3401 340062
1 3401 340068
1 3402 340168
1 3403 340298
1 3404 340332
1 3405 340453
1 3406 340511
1 3408 340725
1 3408 340739
1 3409 340846
1 3409 340859
1 3410 340933
1 3412 341198
1 3412 341184
1 3414 341349
1 3415 341497
1 3417 341619
1 3420 341908
1 3631 363019
1 3631 363018
1 3632 363119
1 3632 363126
1 3633 363228
1 3633 363261
1 3633 363271
1 3633 363275
1 3634 363396
1 3635 363416
1 3636 363570
1 3637 363606
1 3638 363786
1 3638 363800
1 3640 363909
1 3640 363971
1 3641 364074
1 3642 364114
1 3642 364162
1 3644 364333
1 3644 364398
1 3646 364576
1 3646 364581
1 3647 364647
1 3648 364705
1 3648 364746
1 3649 364819
1 3649 364838
1 3649 364872
1 3649 364881
1 3650 364992
1 3651 365019
1 3652 365120
1 3653 365224
1 3653 365282
1 3654 365317
1 3654 365339
1 3655 365455
1 3655 365498
1 3657 365643
1 3658 365791
1 3659 365900
1 3660 365930
1 3660 365967
1 3992 399151
1 3993 399203
1 3993 399240
1 3994 399304
1 3994 399326
1 3994 399318
1 3995 399454
1 3996 399539
1 3996 399566
1 3997 399618
1 3997 399693
1 3998 399734
1 3998 399789
1 3999 399822
1 4000 399955
1 4001 400031
1 4001 400055
1 4001 400075
1 4002 400153
1 4002 400173
1 4002 400169
1 4003 400223
1 4003 400274
1 4004 400327
1 4005 400403
1 4005 400495
1 4006 400524
1 4006 400572
1 4006 400593
1 4006 400599
1 4007 400652
1 4007 400679
1 4008 400754
1 4009 400874
1 4010 400906
1 4011 401013
1 4011 401050
1 4011 401077
1 4012 401132
1 4012 401151
1 4014 401364
1 4014 401382
1 4014 401394
1 4015 401417
1 4015 401438
1 4017 401607
1 4017 401629
1 4019 401831
1 4231 423063
1 4232 423176
1 4234 423366
1 4234 423368
1 4235 423481
1 4235 423496
1 4236 423546
1 4237 423661
1 4238 423708
1 4238 423725
1 4239 423827
1 4241 424041
1 4242 424200
1 4243 424213
1 4243 424244
1 4245 424482
1 4246 424512
1 4246 424530
1 4247 424662
1 4247 424664
1 4248 424739
1 4249 424886
1 4251 425081
1 4251 425092
1 4252 425154
1 4254 425308
1 4255 425445
1 4256 425555
1 4257 425601
1 4257 425656
1 4258 425756
1 4258 425779
1 4259 425836
1 4259 425824
1 4259 425885
1 4260 425920
1 4260 425957
1 4261 426012
1 4261 426062
1 4262 426132
1 4263 426241
1 4263 426252
1 4265 426457
1 4266 426569
1 4266 426571
1 4266 426580
1 4266 426584
1 4267 426672
1 4268 426740
1 4268 426749
1 4268 426773
1 4268 426785
1 4271 427006
1 4271 427028
1 4272 427160
1 4274 427340
1 4275 427418
1 4276 427502
1 4276 427520
1 4276 427552
1 4279 427884
1 4280 427937
1 4281 428020
1 4281 428063
1 4282 428128
1 4282 428189
1 4285 428464
1 4285 428486
1 4286 428523
1 4286 428530
1 4286 428535
1 4286 428555
1 4290 428925
1 4290 428934
1 4290 428957
1 4321 432080
1 4322 432167
1 4322 432165
1 4322 432159
1 4323 432216
1 4323 432292
1 4327 432638
1 4328 432791
1 4331 433008
1 4332 433124
1 4332 433141
1 4332 433144
1 4332 433169
1 4332 433163
1 4333 433296
1 4334 433339
1 4334 433353
1 4335 433467
1 4336 433518
1 4336 433528
1 4336 433574
1 4337 433665
1 4337 433646
1 4339 433893
1 4339 433892
1 4340 433996
1 4341 434055
1 4342 434115
1 4342 434116
1 4343 434228
1 4343 434274
1 4344 434380
1 4345 434500
1 4346 434560
1 4351 435004
1 4351 435090
1 4353 435227
1 4353 435267
1 4354 435305
1 4354 435370
1 4355 435407
1 4355 435459
1 4355 435475
1 4356 435532
1 4357 435676
1 4358 435722
1 4359 435853
1 4359 435879
1 4360 435931
1 4363 436258
1 4364 436342
1 4364 436398
1 4365 436499
1 4367 436645
1 4370 436917
1 4371 437022
1 4371 437085
1 4371 437089
1 4373 437243
1 4373 437259
1 4377 437637
1 4377 437645
1 4378 437720
1 4378 437743
1 4378 437751
1 4378 437770
1 4378 437780
1 4379 437811
1 4379 437825
1 4379 437844
1 4379 437863
1 271 27048
1 272 27112
1 272 27145
1 272 27170
1 272 27167
1 273 27240
1 275 27469
1 276 27522
1 276 27503
1 276 27521
1 276 27556
1 278 27753
1 279 27878
1 279 27898
1 280 27920
1 280 27980
1 281 28001
1 282 28144
1 282 28179
1 283 28268
1 284 28309
1 285 28495
1 286 28578
1 287 28630
1 288 28730
1 288 28776
1 288 28777
1 289 28825
1 289 28885
1 289 28879
1 290 28902
1 290 28946
1 290 28977
1 293 29276
1 294 29364
1 297 29620
1 299 29879
1 300 29947
1 300 29992
1 603 60201
1 603 60270
1 603 60269
1 604 60302
1 604 60355
1 605 60413
1 606 60524
1 606 60512
1 607 60655
1 608 60761
1 609 60888
1 611 61003
1 611 61030
1 611 61038
1 611 61044
1 612 61198
1 613 61210
1 615 61486
1 619 61825
1 620 61967
1 620 61971
1 620 61974
1 621 62071
1 624 62389
1 626 62507
1 627 62639
1 627 62664
1 627 62683
1 628 62744
1 630 62919
1 692 69147
1 692 69195
1 694 69329
1 695 69414
1 696 69564
1 697 69619
1 697 69642
1 697 69625
1 697 69672
1 699 69861
1 700 69901
1 700 69902
1 700 69970
1 701 70037
1 702 70172
1 702 70194
1 703 70202
1 703 70237
1 703 70258
1 705 70460
1 707 70640
1 708 70738
1 708 70764
1 709 70898
1 711 71005
1 711 71097
1 712 71156
1 715 71444
1 715 71490
1 716 71504
1 720 71927
1 720 71935
1 720 71961
1 721 72001
1 721 72045
1 723 72292
1 724 72319
1 724 72384
1 728 72769
1 729 72801
1 729 72892
1 731 73083
1 733 73278
1 734 73316
1 734 73335
1 735 73427
1 736 73542
1 736 73584
1 737 73623
1 737 73659
1 741 74004
1 741 74010
1 741 74064
1 743 74203
1 743 74240
1 745 74487
1 748 74789
1 748 74788
1 750 74987
1 781 78035
1 782 78152
1 784 78333
1 787 78607
1 787 78637
1 789 78841
1 790 78980
1 791 79022
1 791 79055
1 793 79239
1 794 79361
1 796 79510
1 796 79502
1 796 79543
1 796 79582
1 797 79667
1 797 79695
1 798 79798
1 802 80149
1 802 80192
1 804 80356
1 804 80390
1 805 80414
1 806 80529
1 808 80756
1 809 80870
1 811 81071
1 812 81173
1 814 81379
1 815 81471
1 816 81570
1 819 81818
1 819 81847
1 821 82064
1 822 82187
1 824 82336
1 825 82404
1 825 82426
1 825 82492
1 826 82509
1 827 82634
1 828 82707
1 828 82730
1 830 82956
1 830 82965
1 830 82953
1 831 83076
1 833 83231
1 833 83271
1 834 83316
1 834 83389
1 836 83533
1 836 83564
1 839 83867
1 840 83913
1 962 96188
1 963 96255
1 963 96279
1 963 96297
1 963 96296
1 966 96512
1 966 96523
1 966 96570
1 967 96674
1 968 96717
1 968 96749
1 970 96919
1 973 97207
1 973 97203
1 973 97250
1 973 97245
1 974 97394
1 975 97417
1 975 97454
1 975 97487
1 976 97545
1 976 97553
1 977 97670
1 978 97711
1 978 97758
1 979 97843
1 980 97918
1 980 97926
1 980 97962
1 983 98228
1 983 98227
1 984 98323
1 984 98372
1 984 98387
1 986 98546
1 987 98608
1 987 98625
1 987 98629
1 987 98678
1 988 98782
1 990 98920
1 1502 150156
1 1503 150210
1 1503 150230
1 1503 150271
1 1504 150333
1 1504 150366
1 1504 150376
1 1505 150405
1 1505 150417
1 1505 150450
1 1505 150451
1 1506 150598
1 1509 150860
1 1509 150887
1 1510 150930
1 1510 150958
1 1510 150993
1 1511 151062
1 1512 151119
1 1512 151134
1 1512 151164
1 1512 151188
1 1513 151273
1 1514 151318
1 1515 151468
1 1516 151580
1 1518 151717
1 1520 151904
1 1521 152029
1 1522 152174
1 1522 152197
1 1523 152247
1 1524 152317
1 1524 152394
1 1525 152429
1 1527 152689
1 1529 152826
1 1530 152902
1 1651 165076
1 1652 165174
1 1653 165246
1 1654 165356
1 1654 165369
1 1655 165412
1 1657 165611
1 1658 165755
1 1659 165807
1 1659 165820
1 1659 165860
1 1660 165933
1 1660 165975
1 1662 166109
1 1662 166112
1 1663 166206
1 1663 166225
1 1664 166301
1 1664 166328
1 1665 166402
1 1665 166401
1 1666 166556
1 1666 166571
1 1666 166600
1 1669 166864
1 1669 166879
1 1671 167069
1 1671 167077
1 1672 167188
1 1673 167283
1 1674 167358
1 1674 167379
1 1675 167403
1 1675 167423
1 1679 167834
1 1680 167907
1 1681 168015
1 1681 168035
1 1682 168101
1 1682 168111
1 1686 168529
1 1687 168627
1 1688 168784
1 1689 168806
1 1690 168907
1 1690 168964
1 1691 169006
1 1691 169076
1 1693 169220
1 1693 169246
1 1693 169250
1 1694 169306
1 1694 169320
1 1694 169334
1 1694 169384
1 1695 169433
1 1695 169492
1 1697 169670
1 1698 169754
1 1699 169869
1 1699 169871
1 1699 169877
1 1700 169906
1 1700 169999
1 1701 170013
1 1702 170106
1 1702 170128
1 1702 170182
1 1703 170242
1 1706 170532
1 1707 170643
1 1707 170671
1 1708 170756
1 1709 170828
1 1710 170937
1 1710 170934
1 1710 170946
1 1713 171274
1 1714 171347
1 1715 171402
1 1715 171409
1 1715 171447
1 1716 171512
1 1716 171580
1 1717 171606
1 1717 171631
1 1717 171674
1 1719 171801
1 1719 171867
1 1720 171912
1 1721 172039
1 1722 172107
1 1722 172130
1 1722 172174
1 1723 172223
1 1723 172211
1 1724 172308
1 1724 172319
1 1724 172345
1 1724 172398
1 1725 172408
1 1725 172413
1 1728 172732
1 1728 172762
1 1729 172831
1 1730 172927
1 1731 173007
1 1731 173021
1 1731 173026
1 1731 173042
1 1732 173140
1 1733 173249
1 1733 173259
1 1734 173356
1 1735 173479
1 1736 173591
1 1737 173698
1 1741 174064
1 1745 174408
1 1745 174474
1 1746 174511
1 1746 174583
1 1747 174657
1 1747 174692
1 1747 174700
1 1748 174754
1 1748 174790
1 1750 174957
1 1750 174972
1 1753 175221
1 1753 175286
1 1754 175323
1 1755 175491
1 1756 175560
1 1757 175601
1 1757 175645
1 1759 175852
1 1759 175889
1 1760 175916
1 1761 176061
1 1763 176231
1 1763 176284
1 1764 176331
1 1765 176477
1 1767 176671
1 1768 176754
1 1769 176872
1 1770 176909
1 1770 176957
1 1770 176965
1 1770 176997
1 2071 207026
1 2071 207033
1 2074 207339
1 2076 207557
1 2076 207565
1 2079 207900
1 2080 207994
1 2084 208365
1 2084 208391
1 2085 208428
1 2085 208470
1 2088 208753
1 2089 208847
1 2089 208867
1 2090 208951
1 2091 209092
1 2092 209141
1 2093 209217
1 2093 209290
1 2094 209365
1 2095 209461
1 2097 209661
1 2097 209687
1 2098 209783
1 2098 209799
1 2099 209846
1 2099 209880
1 2100 209942
1 2101 210034
1 2101 210072
1 2104 210316
1 2106 210502
1 2109 210876
1 2110 210971
1 2111 211099
1 2113 211242
1 2115 211495
1 2117 211633
1 2117 211635
1 2117 211679
1 2119 211882
1 2120 211904
1 2120 211936
1 2120 211949
1 2121 212012
1 2122 212123
1 2123 212205
1 2123 212203
1 2124 212325
1 2125 212434
1 2129 212820
1 2129 212885
1 2130 212936
1 2971 297049
1 2972 297164
1 2973 297206
1 2973 297254
1 2973 297285
1 2974 297398
1 2976 297553
1 2976 297587
1 2976 297593
1 2977 297638
1 2977 297621
1 2978 297768
1 2978 297767
1 2979 297885
1 2981 298064
1 2981 298092
1 2982 298119
1 2983 298217
1 2983 298239
1 2983 298236
1 2983 298276
1 2985 298409
1 2985 298473
1 2986 298578
1 2987 298647
1 2987 298658
1 2989 298836
1 2990 298903
1 2990 298988
1 2991 299033
1 2991 299080
1 2992 299103
1 2993 299213
1 2996 299535
1 2996 299587
1 2998 299708
1 2998 299709
1 2998 299777
1 2999 299831
1 2999 299836
1 3091 309048
1 3092 309151
1 3092 309158
1 3093 309215
1 3096 309540
1 3099 309898
1 3100 309935
1 3102 310199
1 3105 310423
1 3106 310530
1 3109 310838
1 3109 310879
1 3109 310878
1 3110 310902
1 3111 311082
1 3111 311090
1 3112 311135
1 3114 311320
1 3115 311439
1 3115 311495
1 3116 311501
1 3116 311520
1 3117 311612
1 3117 311610
1 3117 311623
1 3117 311638
1 3117 311668
1 3118 311757
1 3118 311783
1 3119 311883
1 3120 311997
1 3121 312055
1 3121 312066
1 3122 312162
1 3124 312390
1 3125 312433
1 3126 312508
1 3128 312744
1 3128 312755
1 3129 312821
1 3129 312882
1 3130 312987
1 3132 313149
1 3134 313342
1 3135 313460
1 3136 313508
1 3136 313510
1 3137 313697
1 3138 313749
1 3141 314001
1 3144 314305
1 3145 314417
1 3145 314412
1 3145 314416
1 3145 314489
1 3145 314490
1 3146 314507
1 3147 314625
1 3147 314665
1 3150 314902
1 3150 314909
1 3150 314955
1 3150 314989
1 3150 314985
1 3181 318002
1 3182 318106
1 3184 318319
1 3186 318563
1 3186 318585
1 3187 318636
1 3187 318664
1 3187 318686
1 3188 318740
1 3188 318745
1 3188 318792
1 3192 319110
1 3192 319195
1 3193 319202
1 3194 319352
1 3194 319375
1 3195 319430
1 3195 319432
1 3195 319451
1 3196 319592
1 3197 319604
1 3197 319616
1 3197 319658
1 3197 319683
1 3199 319826
1 3199 319885
1 3200 319992
1 3200 319991
1 3201 320059
1 3201 320079
1 3202 320142
1 3203 320207
1 3203 320255
1 3206 320521
1 3207 320671
1 3210 320972
1 3211 321001
1 3213 321232
1 3214 321346
1 3215 321449
1 3216 321581
1 3217 321664
1 3218 321708
1 3218 321739
1 3219 321811
1 3219 321850
1 3219 321893
1 3220 321971
1 3221 322010
1 3221 322074
1 3223 322236
1 3224 322302
1 3225 322403
1 3226 322502
1 3226 322541
1 3228 322748
1 3229 322880
1 3229 322867
1 3230 322952
1 3232 323136
1 3232 323170
1 3233 323240
1 3233 323270
1 3234 323303
1 3235 323496
1 3236 323558
1 3236 323595
1 3237 323623
1 3237 323678
1 3238 323709
1 3238 323777
1 3238 323776
1 3240 323914
1 3242 324162
1 3243 324269
1 3243 324273
1 3245 324431
1 3245 324436
1 3246 324583
1 3246 324588
1 3247 324656
1 3247 324679
1 3250 324981
1 3251 325027
1 3251 325024
1 3255 325454
1 3256 325562
1 3257 325647
1 3257 325676
1 3257 325657
1 3257 325696
1 3258 325757
1 3258 325787
1 3260 325902
1 3260 325951
1 3261 326080
1 3262 326109
1 3262 326165
1 3263 326252
1 3263 326300
1 3264 326357
1 3265 326425
1 3265 326492
1 3267 326700
1 3268 326757
1 3270 326918
1 3361 336085
1 3362 336159
1 3362 336173
1 3363 336218
1 3364 336333
1 3365 336491
1 3366 336511
1 3366 336523
1 3367 336697
1 3368 336776
1 3369 336863
1 3369 336853
1 3370 336951
1 3371 337045
1 3372 337150
1 3372 337191
1 3373 337213
1 3373 337295
1 3374 337373
1 3378 337735
1 3378 337754
1 3378 337748
1 3379 337829
1 3380 337930
1 3382 338173
1 3383 338260
1 3383 338279
1 3385 338428
1 3385 338458
1 3385 338495
1 3386 338523
1 3386 338582
1 3386 338596
1 3387 338678
1 3388 338761
1 3389 338857
1 3390 338905
1 3421 342026
1 3421 342063
1 3421 342085
1 3423 342267
1 3423 342286
1 3424 342336
1 3424 342358
1 3424 342381
1 3427 342633
1 3427 342651
1 3430 342950
1 3431 343088
1 3431 343055
1 3432 343193
1 3435 343500
1 3436 343523
1 3437 343638
1 3437 343628
1 3439 343832
1 3439 343869
1 3439 343895
1 3440 343901
1 3440 343964
1 3441 344024
1 3443 344202
1 3443 344254
1 3444 344314
1 3445 344412
1 3445 344420
1 3445 344432
1 3447 344647
1 3448 344728
1 3449 344887
1 3450 344927
1 3450 344953
1 3450 344985
1 3452 345135
1 3452 345197
1 3453 345210
1 3453 345228
1 3454 345390
1 3455 345488
1 3456 345544
1 3458 345779
1 3459 345803
1 3459 345874
1 3460 345917
1 3460 345914
1 3460 345974
1 3462 346106
1 3463 346203
1 3463 346230
1 3463 346287
1 3465 346447
1 3467 346621
1 3467 346636
1 3467 346649
1 3471 347033
1 3473 347201
1 3475 347425
1 3475 347462
1 3475 347439
1 3475 347446
1 3475 347464
1 3477 347623
1 3477 347656
1 3478 347737
1 3478 347752
1 3479 347817
1 3479 347884
1 3481 348081
1 3483 348289
1 3484 348309
1 3484 348391
1 3486 348514
1 3486 348544
1 3488 348765
1 3488 348796
1 3491 349059
1 3491 349069
1 3495 349430
1 3497 349690
1 3498 349751
1 3498 349767
1 3498 349778
1 3499 349807
1 3500 349972
1 3501 350006
1 3502 350193
1 3503 350283
1 3506 350577
1 3507 350609
1 3508 350780
1 3509 350870
1 3511 351001
1 3511 351063
1 3512 351102
1 3512 351121
1 3513 351224
1 3514 351313
1 3514 351344
1 3514 351362
1 3515 351429
1 3516 351544
1 3516 351564
1 3516 351577
1 3518 351729
1 3520 351974
1 3521 352061
1 3522 352142
1 3522 352193
1 3523 352276
1 3526 352504
1 3526 352529
1 3526 352536
1 3526 352588
1 3527 352642
1 3528 352705
1 3530 352924
1 3530 352913
1 3531 353012
1 3531 353033
1 3531 353031
1 3532 353123
1 3532 353199
1 3532 353177
1 3533 353262
1 3537 353689
1 3538 353779
1 3539 353824
1 3540 353933
1 3542 354116
1 3544 354328
1 3544 354368
1 3545 354413
1 3545 354474
1 3545 354497
1 3545 354500
1 3547 354624
1 3547 354630
1 3548 354724
1 3548 354739
1 3548 354782
1 3549 354886
1 3551 355008
1 3552 355117
1 3552 355192
1 3553 355201
1 3554 355377
1 3554 355400
1 3554 355387
1 3555 355431
1 3557 355628
1 3558 355753
1 3559 355881
1 3559 355871
1 3560 355947
1 3561 356034
1 3561 356044
1 3561 356048
1 3562 356131
1 3562 356125
1 3562 356146
1 3562 356189
1 3562 356175
1 3564 356392
1 3565 356407
1 3566 356570
1 3567 356689
1 3568 356752
1 3570 356982
1 3570 356996
1 3570 356980
1 3571 357032
1 3571 357034
1 3571 357063
1 3572 357109
1 3572 357147
1 3572 357189
1 3573 357243
1 3573 357268
1 3574 357333
1 3575 357445
1 3576 357526
1 3578 357705
1 3581 358063
1 3582 358151
1 3583 358293
1 3584 358335
1 3585 358416
1 3586 358509
1 3586 358553
1 3586 358582
1 3586 358586
1 3588 358740
1 3589 358874
1 3593 359214
1 3593 359266
1 3593 359300
1 3597 359666
1 3597 359655
1 3598 359747
1 3931 393081
1 3932 393138
1 3934 393350
1 3934 393373
1 3935 393485
1 3937 393682
1 3940 393934
1 3941 394029
1 3941 394063
1 3942 394171
1 3942 394184
1 3944 394326
1 3944 394341
1 3944 394376
1 3946 394528
1 3947 394632
1 3949 394801
1 3949 394811
1 3949 394863
1 3950 394936
1 3950 394939
1 3950 394973
1 3953 395284
1 3955 395403
1 3955 395481
1 3955 395452
1 3957 395653
1 3958 395753
1 3958 395775
1 3959 395809
1 3960 395926
1 3961 396098
1 3962 396128
1 3964 396337
1 3965 396414
1 3965 396419
1 3965 396450
1 3965 396497
1 3966 396522
1 3967 396668
1 3967 396700
1 3968 396725
1 3969 396828
1 3969 396853
1 3969 396865
1 3969 396888
1 3969 396884
1 3970 396913
1 3970 396922
1 3971 397045
1 3972 397112
1 3972 397150
1 3973 397205
1 3973 397272
1 3973 397280
1 3973 397290
1 3974 397320
1 3977 397664
1 3978 397779
1 3983 398224
1 3984 398382
1 3985 398418
1 3986 398549
1 3986 398555
1 3986 398596
1 3988 398710
1 3988 398712
1 3989 398805
1 3990 398979
1 3990 398992
1 4021 402003
1 4022 402156
1 4024 402314
1 4028 402753
1 4031 403054
1 4031 403029
1 4032 403158
1 4033 403227
1 4033 403272
1 4033 403267
1 4034 403398
1 4035 403416
1 4035 403445
1 4035 403457
1 4035 403472
1 4035 403484
1 4036 403513
1 4036 403527
1 4036 403560
1 4038 403749
1 4038 403788
1 4040 403996
1 4043 404201
1 4043 404268
1 4044 404369
1 4045 404426
1 4045 404407
1 4046 404512
1 4048 404719
1 4048 404732
1 4048 404775
1 4050 404915
1 4050 405000
1 181 18079
1 181 18051
1 182 18145
1 182 18140
1 182 18184
1 182 18175
1 183 18278
1 184 18314
1 185 18470
1 186 18562
1 186 18579
1 187 18629
1 189 18850
1 190 18928
1 190 18989
1 192 19112
1 192 19145
1 192 19170
1 194 19331
1 194 19359
1 194 19379
1 196 19556
1 196 19594
1 197 19604
1 199 19827
1 200 19975
1 201 20097
1 201 20075
1 202 20173
1 204 20399
1 205 20472
1 206 20596
1 208 20745
1 208 20742
1 210 20964
1 211 21034
1 211 21094
1 213 21213
1 213 21255
1 214 21344
1 216 21511
1 216 21552
1 216 21594
1 217 21675
1 218 21737
1 219 21866
1 219 21883
1 220 21942
1 221 22086
1 221 22071
1 223 22232
1 224 22350
1 224 22383
1 226 22507
1 226 22505
1 226 22580
1 228 22733
1 228 22740
1 228 22773
1 229 22804
1 229 22833
1 231 23034
1 232 23131
1 233 23297
1 234 23324
1 236 23534
1 236 23578
1 239 23836
1 239 23883
1 240 23918
1 240 23926
1 241 24042
1 242 24158
1 243 24297
1 244 24335
1 244 24345
1 245 24419
1 245 24467
1 245 24481
1 247 24608
1 247 24622
1 247 24631
1 247 24680
1 247 24690
1 250 24901
1 250 24984
1 250 24994
1 251 25068
1 251 25099
1 254 25320
1 254 25332
1 255 25459
1 256 25520
1 257 25631
1 257 25662
1 259 25895
1 260 25995
1 261 26035
1 263 26223
1 264 26379
1 264 26398
1 265 26425
1 266 26574
1 267 26618
1 268 26793
1 270 26903
1 303 30283
1 303 30295
1 306 30515
1 307 30668
1 310 30903
1 310 30947
1 310 30980
1 311 31007
1 311 31075
1 313 31227
1 313 31258
1 314 31327
1 316 31508
1 316 31559
1 316 31578
1 320 31945
1 320 31966
1 320 31983
1 321 32054
1 322 32182
1 323 32280
1 324 32360
1 324 32347
1 324 32389
1 325 32428
1 326 32599
1 327 32650
1 327 32661
1 328 32724
1 329 32803
1 330 32961
1 754 75372
1 755 75438
1 755 75494
1 756 75508
1 759 75887
1 760 75940
1 760 75923
1 760 75975
1 761 76052
1 761 76082
1 762 76126
1 762 76147
1 762 76157
1 762 76160
1 764 76349
1 764 76335
1 765 76496
1 766 76511
1 766 76523
1 766 76537
1 766 76567
1 769 76803
1 769 76810
1 770 76908
1 770 76931
1 772 77119
1 774 77318
1 774 77335
1 775 77458
1 776 77525
1 776 77553
1 780 77954
1 901 90039
1 901 90099
1 904 90328
1 905 90468
1 906 90531
1 906 90598
1 907 90698
1 909 90842
1 911 91073
1 914 91311
1 914 91325
1 914 91331
1 914 91366
1 918 91776
1 918 91774
1 918 91799
1 918 91789
1 920 91915
1 920 92000
1 921 92005
1 921 92019
1 922 92180
1 924 92360
1 926 92517
1 928 92736
1 930 92977
1 930 92993
1 1591 159069
1 1591 159093
1 1592 159107
1 1592 159132
1 1594 159358
1 1594 159378
1 1596 159555
1 1598 159719
1 1598 159735
1 1599 159809
1 1599 159827
1 1599 159857
1 1599 159897
1 1599 159899
1 1600 159937
1 1600 159984
1 1602 160122
1 1602 160198
1 1602 160196
1 1603 160254
1 1603 160263
1 1603 160288
1 1605 160412
1 1605 160404
1 1606 160504
1 1606 160534
1 1606 160526
1 1606 160586
1 1607 160699
1 1608 160797
1 1609 160833
1 1609 160838
1 1610 160963
1 1611 161097
1 1614 161369
1 1615 161453
1 1618 161713
1 1618 161728
1 1618 161795
1 1620 161935
1 1620 161937
1 1620 161998
1 1891 189002
1 1892 189143
1 1894 189373
1 1894 189394
1 1895 189482
1 1898 189720
1 1899 189818
1 1900 189920
1 1900 189934
1 1900 189945
1 1901 190007
1 1901 190085
1 1902 190116
1 1904 190339
1 1905 190410
1 1905 190461
1 1906 190547
1 1906 190579
1 1907 190602
1 1909 190880
1 1910 190906
1 1911 191098
1 1915 191440
1 1917 191630
1 1919 191817
1 1919 191855
1 1920 191950
1 1920 191947
1 1920 191958
1 1921 192081
1 1923 192274
1 1923 192300
1 1924 192339
1 1924 192349
1 1925 192444
1 1925 192498
1 1926 192505
1 1926 192553
1 1926 192579
1 1927 192663
1 1928 192753
1 1929 192864
1 1930 192965
1 1930 192972
1 1931 193045
1 1933 193282
1 1934 193393
1 1935 193471
1 1936 193528
1 1936 193599
1 1937 193618
1 1938 193784
1 1943 194261
1 1944 194336
1 1945 194430
1 1945 194454
1 1945 194461
1 1946 194524
1 1946 194536
1 1946 194572
1 1947 194652
1 1947 194651
1 1948 194724
1 1950 194909
1 3302 330194
1 3302 330198
1 3303 330276
1 3305 330436
1 3305 330467
1 3306 330539
1 3308 330789
1 3308 330791
1 3310 330935
1 3310 330927
1 3310 330966
1 3312 331176
1 3313 331276
1 3316 331517
1 3318 331741
1 3319 331844
1 3319 331842
1 3320 331938
1 3320 331984
1 3323 332252
1 3324 332377
1 3325 332462
1 3326 332591
1 3327 332605
1 3328 332790
1 3329 332845
1 3330 332961
1 3332 333130
1 3332 333159
1 3332 333200
1 3334 333341
1 3335 333415
1 3339 333842
1 3340 333906
1 3340 333952
1 3341 334021
1 3341 334024
1 3342 334173
1 3343 334283
1 3345 334477
1 3345 334487
1 3346 334568
1 3347 334602
1 3347 334619
1 3349 334865
1 3352 335115
1 3353 335207
1 3353 335257
1 3353 335266
1 3354 335310
1 3354 335331
1 3355 335430
1 3356 335542
1 3357 335678
1 3357 335697
1 3358 335715
1 3358 335737
1 3358 335721
1 3360 335960
1 3360 335935
1 3782 378156
1 3782 378159
1 3784 378360
1 3785 378403
1 3785 378426
1 3785 378474
1 3786 378532
1 3786 378552
1 3786 378592
1 3787 378669
1 3788 378738
1 3788 378727
1 3789 378866
1 3789 378853
1 3789 378899
1 3790 378906
1 3790 378988
1 3793 379289
1 3794 379328
1 3795 379460
1 3795 379479
1 3795 379499
1 3797 379692
1 3798 379711
1 3799 379816
1 3799 379834
1 3801 380020
1 3801 380038
1 3803 380210
1 3803 380228
1 3803 380265
1 3804 380398
1 3805 380482
1 3805 380489
1 3806 380578
1 3806 380575
1 3807 380627
1 3807 380650
1 3809 380815
1 3809 380857
1 3809 380877
1 3810 380928
1 3811 381018
1 3811 381024
1 3811 381019
1 3811 381061
1 3812 381110
1 3812 381185
1 3812 381199
1 3813 381258
1 3813 381253
1 3813 381265
1 3814 381318
1 3814 381326
1 3815 381421
1 3818 381721
1 3818 381773
1 3819 381834
1 3819 381836
1 3821 382010
1 3821 382051
1 3821 382065
1 3824 382301
1 3826 382523
1 3827 382694
1 3828 382769
1 3830 382915
1 3830 382928
1 3830 382975
1 3831 383072
1 3833 383232
1 3833 383233
1 3833 383253
1 3834 383310
1 3834 383343
1 3834 383362
1 3836 383597
1 3837 383655
1 3837 383639
1 3837 383672
1 3839 383825
1 3839 383856
1 3840 383915
1 3840 383939
1 3871 387011
1 3873 387285
1 3874 387301
1 3874 387379
1 3876 387504
1 3876 387564
1 3877 387613
1 3877 387601
1 3879 387833
1 3881 388088
1 3882 388142
1 3882 388191
1 3884 388308
1 3886 388553
1 3887 388652
1 3888 388746
1 3888 388740
1 3888 388792
1 3890 388905
1 3890 388940
1 3891 389006
1 3891 389040
1 3891 389041
1 3892 389107
1 3893 389244
1 3894 389359
1 3895 389486
1 3895 389493
1 3896 389580
1 3897 389661
1 3899 389832
1 3899 389894
1 3900 389902
1 3900 389958
1 3900 389964
1 3902 390155
1 3903 390210
1 3904 390305
1 3904 390381
1 3905 390463
1 3906 390584
1 3907 390647
1 3908 390743
1 3908 390765
1 3909 390802
1 3909 390803
1 3910 390905
1 3910 390923
1 3910 390941
1 3910 390967
1 3912 391114
1 3912 391192
1 3913 391259
1 3913 391271
1 3913 391296
1 3915 391442
1 3915 391446
1 3916 391515
1 3916 391564
1 3920 391921
1 3920 391996
1 3921 392014
1 3922 392166
1 3923 392299
1 3924 392329
1 3924 392353
1 3925 392463
1 3925 392475
1 3926 392561
1 3926 392578
1 3927 392642
1 3928 392738
1 3928 392771
1 3928 392781
1 3929 392835
1 3929 392844
1 3929 392881
1 3929 392896
1 3930 392973
1 3930 392987
1 4051 405008
1 4051 405060
1 4052 405161
1 4052 405171
1 4053 405285
1 4054 405335
1 4054 405356
1 4054 405361
1 4055 405463
1 4056 405501
1 4056 405535
1 4056 405541
1 4057 405618
1 4057 405631
1 4058 405732
1 4061 406008
1 4061 406062
1 4061 406098
1 4062 406158
1 4062 406198
1 4063 406257
1 4064 406350
1 4065 406443
1 4065 406487
1 4066 406537
1 4066 406566
1 4068 406718
1 4068 406764
1 4070 406940
1 4070 407000
1 4071 407027
1 4072 407110
1 4074 407353
1 4075 407421
1 4075 407427
1 4077 407613
1 4079 407819
1 4079 407851
1 4081 408005
1 4081 408026
1 4083 408229
1 4083 408245
1 4083 408289
1 4085 408451
1 4086 408556
1 4086 408564
1 4086 408560
1 4087 408644
1 4088 408781
1 4088 408797
1 4090 408963
1 4093 409222
1 4093 409260
1 4094 409337
1 4097 409610
1 4097 409636
1 4097 409682
1 4097 409694
1 4099 409865
1 4102 410185
1 4104 410370
1 4106 410581
1 4107 410601
1 4107 410664
1 4109 410821
1 4109 410857
1 4110 410906
1 4110 410963
1 4110 410955
1 4110 410976
1 4291 429054
1 4292 429163
1 4293 429251
1 4293 429267
1 4295 429452
1 4296 429542
1 4296 429558
1 4297 429602
1 4297 429662
1 4298 429755
1 4298 429762
1 4299 429819
1 4301 430057
1 4302 430123
1 4302 430174
1 4303 430213
1 4304 430342
1 4304 430369
1 4305 430431
1 4308 430761
1 4310 430905
1 4310 430943
1 4311 431030
1 4311 431036
1 4311 431016
1 4313 431281
1 4313 431294
1 4315 431448
1 4315 431467
1 4315 431490
1 4316 431508
1 4316 431584
1 4317 431682
1 4317 431696
1 4318 431793
1 4318 431797
1 4319 431834
1 4382 438132
1 4382 438141
1 4383 438267
1 4384 438301
1 4384 438317
1 4384 438366
1 4386 438546
1 4386 438577
1 4387 438636
1 4389 438824
1 4389 438819
1 4391 439014
1 4391 439033
1 4392 439112
1 4392 439146
1 4392 439186
1 4392 439199
1 4394 439366
1 4395 439487
1 4398 439775
1 4400 439978
1 4400 439952
1 4402 440181
1 4402 440182
1 4403 440214
1 4406 440525
1 4406 440534
1 4406 440563
1 4406 440551
1 4407 440669
1 4407 440696
1 4407 440691
1 4408 440709
1 4408 440799
1 4409 440807
1 4409 440883
1 4410 440924
1 4410 440938
1 4410 440983
1 331 33011
1 331 33001
1 332 33125
1 332 33193
1 333 33259
1 333 33252
1 334 33346
1 334 33380
1 334 33396
1 335 33435
1 337 33687
1 338 33745
1 338 33766
1 339 33825
1 339 33819
1 339 33856
1 340 33971
1 343 34287
1 344 34328
1 344 34379
1 345 34405
1 346 34539
1 346 34597
1 347 34627
1 348 34705
1 350 34902
1 351 35032
1 352 35174
1 352 35198
1 353 35210
1 354 35329
1 356 35501
1 356 35546
1 356 35598
1 357 35624
1 359 35859
1 360 35937
1 360 35996
1 871 87096
1 872 87143
1 874 87342
1 875 87498
1 878 87735
1 878 87737
1 880 87958
1 882 88128
1 882 88161
1 882 88180
1 883 88203
1 883 88242
1 884 88355
1 885 88418
1 885 88405
1 886 88560
1 886 88558
1 888 88785
1 891 89024
1 892 89130
1 893 89251
1 894 89310
1 895 89420
1 895 89463
1 895 89479
1 896 89546
1 896 89558
1 898 89758
1 899 89811
1 899 89820
1 899 89874
1 900 89994
1 1802 180157
1 1804 180326
1 1804 180385
1 1804 180398
1 1805 180418
1 1805 180484
1 1808 180770
1 1809 180812
1 1809 180871
1 1810 180923
1 1810 180906
1 1814 181325
1 1815 181409
1 1815 181474
1 1819 181858
1 1820 181933
1 1820 181938
1 1820 181970
1 1821 182041
1 1822 182108
1 1822 182125
1 1822 182162
1 1823 182275
1 1823 182291
1 1825 182425
1 1825 182463
1 1825 182480
1 1826 182540
1 1827 182652
1 1828 182773
1 1829 182811
1 1830 182909
1 1831 183071
1 1833 183280
1 1834 183303
1 1835 183465
1 1838 183707
1 1838 183737
1 1838 183765
1 1839 183812
1 1839 183851
1 1841 184050
1 1842 184162
1 1843 184258
1 1843 184281
1 1843 184299
1 1845 184438
1 1846 184583
1 1847 184623
1 1847 184695
1 1848 184772
1 1853 185288
1 1853 185299
1 1854 185315
1 1854 185354
1 1854 185384
1 1855 185433
1 1855 185481
1 1856 185516
1 1857 185602
1 1858 185736
1 1859 185809
1 1859 185830
1 1859 185839
1 1859 185886
1 1860 185992
1 1861 186020
1 1861 186028
1 1861 186063
1 1862 186137
1 1863 186203
1 1863 186201
1 1863 186280
1 1864 186313
1 1864 186332
1 1865 186441
1 1865 186457
1 1865 186466
1 1866 186529
1 1867 186695
1 1868 186702
1 1868 186737
1 1868 186778
1 1870 186956
1 1870 186979
1 1872 187125
1 1872 187161
1 1873 187220
1 1873 187223
1 1873 187241
1 1873 187274
1 1874 187331
1 1875 187418
1 1875 187490
1 1876 187522
1 1876 187561
1 1877 187635
1 1878 187725
1 1878 187756
1 1879 187810
1 1880 187940
1 1880 187946
1 1880 187980
1 1880 187992
1 1882 188180
1 1883 188208
1 1883 188257
1 1884 188324
1 1884 188336
1 1885 188428
1 1886 188555
1 1887 188608
1 1889 188880
1 1889 188893
1 3691 369006
1 3691 369044
1 3691 369054
1 3692 369173
1 3694 369328
1 3695 369439
1 3696 369581
1 3696 369599
1 3699 369826
1 3700 369930
1 3700 369991
1 3701 370001
1 3701 370079
1 3702 370111
1 3702 370154
1 3703 370257
1 3703 370289
1 3704 370325
1 3705 370446
1 3708 370726
1 3708 370747
1 3709 370844
1 3710 370903
1 3710 370925
1 3711 371052
1 3713 371267
1 3715 371413
1 3715 371423
1 3716 371501
1 3716 371544
1 3716 371541
1 3717 371615
1 3717 371618
1 3717 371678
1 3720 371916
1 3720 371940
1 3720 371968
1 3720 371993
1 3751 375057
1 3751 375060
1 3752 375178
1 3754 375366
1 3754 375355
1 3755 375475
1 3755 375497
1 3756 375598
1 3757 375630
1 3757 375697
1 3758 375765
1 3758 375786
1 3761 376057
1 3761 376086
1 3762 376114
1 3762 376113
1 3763 376294
1 3765 376415
1 3765 376480
1 3767 376669
1 3769 376803
1 3769 376841
1 3769 376845
1 3769 376876
1 3771 377005
1 3771 377009
1 3771 377022
1 3772 377140
1 3773 377254
1 3775 377462
1 3775 377489
1 3776 377578
1 3777 377617
1 3778 377711
1 3778 377775
1 3779 377803
1 3780 377993
1 3841 384027
1 3844 384368
1 3844 384394
1 3845 384430
1 3845 384445
1 3846 384551
1 3846 384595
1 3847 384683
1 3848 384764
1 3849 384839
1 3851 385035
1 3853 385240
1 3855 385424
1 3855 385493
1 3856 385504
1 3856 385548
1 3857 385698
1 3859 385879
1 3860 385978
1 3860 385979
1 3861 386076
1 3862 386162
1 3863 386231
1 3864 386346
1 3864 386396
1 3865 386414
1 3865 386422
1 3865 386480
1 3865 386494
1 3865 386487
1 3866 386546
1 3866 386579
1 3867 386615
1 3867 386654
1 3868 386707
1 3868 386734
1 3869 386837
1 4111 411043
1 4111 411087
1 4112 411107
1 4112 411114
1 4113 411235
1 4114 411339
1 4114 411365
1 4114 411399
1 4117 411657
1 4117 411681
1 4118 411765
1 4119 411810
1 4119 411819
1 4119 411824
1 4119 411865
1 4121 412009
1 4122 412160
1 4124 412391
1 4125 412401
1 4125 412481
1 4126 412567
1 4127 412691
1 4128 412718
1 4130 412914
1 4130 412915
1 4130 412973
1 4130 412993
1 4132 413112
1 4133 413248
1 4135 413401
1 4135 413439
1 4135 413443
1 4135 413430
1 4135 413470
1 4136 413574
1 4137 413606
1 4137 413694
1 4137 413672
1 4138 413737
1 4138 413752
1 4138 413758
1 4139 413862
1 4139 413879
1 4140 413907
1 4140 413935
1 4140 413943
1 391 39017
1 391 39039
1 392 39104
1 393 39218
1 393 39226
1 393 39270
1 393 39282
1 394 39356
1 394 39377
1 396 39518
1 397 39650
1 397 39676
1 397 39685
1 397 39686
1 398 39790
1 399 39865
1 399 39885
1 401 40001
1 401 40094
1 404 40387
1 405 40457
1 408 40724
1 408 40725
1 408 40746
1 408 40793
1 411 41015
1 411 41041
1 412 41169
1 412 41181
1 413 41282
1 414 41343
1 414 41353
1 414 41354
1 416 41563
1 418 41704
1 418 41740
1 1982 198140
1 1982 198148
1 1982 198178
1 1983 198237
1 1987 198700
1 1989 198823
1 1990 198978
1 1991 199051
1 1991 199045
1 1991 199068
1 1991 199070
1 1991 199091
1 1992 199138
1 1993 199285
1 1993 199292
1 1994 199368
1 1995 199413
1 1999 199827
1 1999 199853
1 1999 199869
1 1999 199888
1 2002 200109
1 2003 200221
1 2003 200247
1 2005 200430
1 2005 200488
1 2009 200841
1 2010 200997
1 2011 201016
1 2011 201060
1 2011 201092
1 2012 201189
1 2013 201205
1 2013 201231
1 2013 201218
1 2013 201291
1 2014 201303
1 2015 201407
1 2015 201476
1 2016 201518
1 2016 201522
1 2017 201624
1 2018 201798
1 2019 201804
1 2020 201958
1 2023 202289
1 2025 202466
1 2027 202632
1 2028 202714
1 2031 203026
1 2032 203181
1 2032 203196
1 2033 203261
1 2034 203328
1 2034 203350
1 2036 203516
1 2036 203529
1 2037 203661
1 2037 203677
1 2037 203688
1 2038 203766
1 2039 203807
1 2039 203811
1 2039 203888
1 2040 203987
1 2040 203990
1 2041 204031
1 2043 204201
1 2044 204317
1 2047 204605
1 2047 204628
1 2047 204647
1 2048 204732
1 2048 204734
1 2049 204817
1 2049 204825
1 2050 204902
1 2050 204904
1 2050 204924
1 2050 204979
1 2053 205228
1 2053 205229
1 2053 205250
1 2053 205275
1 2054 205384
1 2056 205538
1 2056 205540
1 2056 205577
1 2056 205589
1 2057 205610
1 2058 205732
1 2058 205787
1 2059 205859
1 2059 205850
1 2059 205882
1 2060 205987
1 2061 206003
1 2061 206024
1 2061 206050
1 2062 206118
1 2062 206165
1 2063 206210
1 2064 206365
1 2064 206371
1 2065 206497
1 2066 206568
1 2066 206579
1 2067 206619
1 2067 206666
1 2069 206815
1 2069 206868
1 2070 206918
1 3031 303023
1 3031 303034
1 3032 303132
1 3035 303447
1 3035 303452
1 3036 303592
1 3038 303762
1 3039 303805
1 3039 303809
1 3039 303866
1 3040 303920
1 3040 303945
1 3043 304268
1 3044 304332
1 3045 304445
1 3046 304516
1 3046 304539
1 3047 304661
1 3047 304689
1 3048 304764
1 3051 305038
1 3052 305135
1 3052 305154
1 3053 305214
1 3053 305244
1 3053 305278
1 3054 305317
1 3054 305339
1 3054 305347
1 3054 305373
1 3055 305412
1 3055 305435
1 3057 305645
1 3057 305688
1 3059 305826
1 4141 414076
1 4142 414187
1 4143 414251
1 4145 414456
1 4146 414567
1 4146 414595
1 4147 414633
1 4147 414669
1 4148 414719
1 4150 414949
1 4150 414960
1 4154 415400
1 4155 415402
1 4155 415492
1 4156 415512
1 4156 415566
1 4156 415569
1 4157 415640
1 4159 415891
1 4160 415902
1 4161 416045
1 4162 416101
1 4169 416803
1 4169 416831
1 4169 416838
1 4169 416870
1 4561 456052
1 4562 456169
1 4563 456211
1 4563 456275
1 4563 456298
1 4563 456295
1 4566 456517
1 4567 456604
1 4567 456634
1 4567 456650
1 4568 456716
1 4568 456733
1 4570 456923
1 4570 456993
1 4571 457094
1 4572 457147
1 4574 457355
1 4574 457388
1 4575 457418
1 4575 457459
1 4575 457473
1 4583 458252
1 4584 458368
1 4585 458471
1 4586 458548
1 4588 458755
1 4589 458853
1 4590 458931
1 4590 458986
1 1951 195044
1 1952 195128
1 1952 195174
1 1953 195218
1 1954 195326
1 1955 195458
1 1955 195479
1 1956 195549
1 1956 195598
1 1957 195637
1 1958 195788
1 1960 195936
1 1960 195934
1 1961 196060
1 1962 196112
1 1962 196179
1 1962 196198
1 1964 196316
1 1965 196449
1 1966 196520
1 1966 196571
1 1966 196570
1 1967 196631
1 1967 196650
1 1968 196749
1 1969 196891
1 1970 196913
1 1970 196950
1 1971 197062
1 1972 197136
1 1973 197265
1 1973 197274
1 1975 197477
1 1976 197581
1 1977 197631
1 1979 197832
1 1979 197895
1 1980 197914
1 1980 197944
1 1980 197965
1 2253 225280
1 2254 225359
1 2255 225403
1 2257 225626
1 2258 225713
1 2258 225764
1 2259 225807
1 2259 225819
1 2259 225856
1 2260 225915
1 2260 225943
1 2261 226072
1 2262 226153
1 2262 226174
1 2263 226261
1 2263 226281
1 2263 226289
1 2264 226369
1 2265 226476
1 2266 226561
1 2267 226642
1 2268 226730
1 2269 226823
1 2273 227212
1 2273 227249
1 2275 227448
1 2278 227723
1 2552 255168
1 2553 255202
1 2554 255336
1 2555 255440
1 2555 255500
1 2556 255554
1 2562 256170
1 2565 256418
1 2565 256424
1 2566 256521
1 2566 256513
1 2566 256555
1 2568 256769
1 2569 256805
1 2571 257034
1 2572 257195
1 2574 257309
1 2576 257548
1 2576 257579
1 2577 257622
1 2577 257624
1 2577 257625
1 2580 257984
1 4171 417047
1 4171 417075
1 4172 417179
1 4172 417180
1 4173 417209
1 4174 417358
1 4174 417365
1 4174 417391
1 4175 417498
1 4176 417578
1 4179 417898
1 4181 418050
1 4183 418258
1 4184 418334
1 4185 418494
1 4186 418505
1 4186 418539
1 4187 418645
1 4187 418662
1 4187 418690
1 4189 418839
1 4189 418854
1 4190 418911
1 4190 418970
1 4190 418962
1 4191 419031
1 4191 419047
1 4192 419143
1 4198 419715
1 4198 419745
1 4198 419778
1 4199 419802
1 423 42279
1 423 42288
1 424 42313
1 427 42640
1 427 42695
1 428 42754
1 428 42798
1 429 42852
1 431 43011
1 431 43023
1 431 43084
1 432 43128
1 433 43284
1 435 43410
1 435 43474
1 435 43456
1 438 43735
1 438 43743
1 439 43835
1 439 43864
1 439 43857
1 442 44146
1 445 44444
1 446 44574
1 447 44660
1 447 44696
1 448 44707
1 449 44805
1 449 44839
1 91 9070
1 93 9226
1 95 9442
1 96 9591
1 97 9684
1 100 9903
1 100 9997
1 100 9996
1 101 10093
1 102 10171
1 105 10415
1 105 10435
1 105 10478
1 107 10637
1 109 10854
1 110 10948
1 111 11017
1 111 11025
1 111 11048
1 112 11114
1 112 11168
1 114 11326
1 114 11328
1 116 11501
1 117 11657
1 117 11687
1 119 11822
1 119 11855
1 120 11997
1 3722 372165
1 3723 372217
1 3724 372332
1 3724 372360
1 3725 372481
1 3729 372842
1 3729 372884
1 3729 372900
1 3730 372915
1 3730 372991
1 3730 372999
1 3731 373002
1 3731 373064
1 3733 373242
1 3733 373266
1 3734 373358
1 3734 373390
1 3735 373446
1 3736 373553
1 3737 373638
1 3737 373677
1 3738 373734
1 3738 373745
1 3741 374008
1 3742 374123
1 3743 374204
1 3743 374231
1 3743 374217
1 3743 374251
1 3744 374319
1 3745 374473
1 3746 374559
1 3747 374614
1 3747 374657
1 3747 374698
1 3748 374794
1 3749 374815
1 3750 374934
1 3750 374936
1 3750 374957
1 2161 216024
1 2161 216001
1 2161 216098
1 2162 216146
1 2163 216270
1 2165 216491
1 2165 216468
1 2166 216547
1 2167 216666
1 2169 216834
1 2171 217018
1 2173 217265
1 2173 217299
1 2174 217328
1 2174 217397
1 2175 217444
1 2175 217437
1 2176 217528
1 2179 217843
1 2180 217984
1 2181 218001
1 2181 218003
1 2181 218058
1 2181 218072
1 2181 218099
1 2183 218215
1 2183 218275
1 2183 218282
1 2184 218309
1 2184 218372
1 2186 218518
1 2186 218532
1 2186 218529
1 2188 218797
1 2190 218920
1 2190 218902
1 2190 218915
1 2190 218948
1 2190 218990
1 1 9
1 1 78
1 1 73
1 2 197
1 3 226
1 4 324
1 5 434
1 7 632
1 7 638
1 7 676
1 7 700
1 8 708
1 8 793
1 9 801
1 9 837
1 9 853
1 9 880
1 10 924
1 11 1019
1 12 1124
1 13 1221
1 13 1263
1 15 1470
1 16 1523
1 16 1569
1 17 1656
1 20 1904
1 20 1968
1 21 2020
1 21 2033
1 21 2059
1 22 2134
1 22 2177
1 25 2458
1 27 2615
1 28 2725
1 28 2787
1 29 2843
1 29 2853
1 29 2884
1 30 2912
1 30 2926
1 30 2936
1 2281 228026
1 2281 228043
1 2282 228102
1 2282 228120
1 2282 228161
1 2284 228346
1 2284 228380
1 2285 228419
1 2285 228453
1 2286 228528
1 2286 228518
1 2286 228540
1 2287 228611
1 2287 228670
1 2288 228718
1 2288 228792
1 2290 228959
1 2290 228975
1 2291 229067
1 2293 229251
1 2295 229422
1 2295 229462
1 2297 229649
1 2298 229721
1 2299 229851
1 2301 230020
1 2302 230106
1 2303 230280
1 2307 230687
1 2307 230685
1 2309 230837
1 2310 230916
1 2310 230937
1 2401 240035
1 2401 240021
1 2401 240071
1 2403 240277
1 2405 240425
1 2407 240608
1 2407 240620
1 2407 240660
1 2408 240761
1 2409 240881
1 2409 240880
1 2410 240904
1 2410 240949
1 2410 240977
1 2411 241029
1 2411 241033
1 2411 241041
1 2411 241068
1 2412 241192
1 2413 241224
1 2413 241250
1 2413 241258
1 2414 241330
1 2415 241462
1 2416 241580
1 2417 241650
1 2419 241802
1 2419 241808
1 2420 241932
1 2421 242006
1 2421 242031
1 2421 242081
1 2421 242098
1 2423 242222
1 2425 242500
1 2426 242568
1 2426 242575
1 2427 242643
1 2428 242744
1 2428 242796
1 2429 242814
1 2429 242847
1 2461 246009
1 2461 246033
1 2461 246023
1 2462 246190
1 2464 246310
1 2464 246332
1 2466 246572
1 2466 246585
1 2467 246611
1 2469 246857
1 2469 246896
1 2474 247313
1 2474 247394
1 2475 247455
1 2475 247453
1 2476 247519
1 2476 247558
1 2477 247612
1 2478 247741
1 2478 247770
1 2479 247821
1 2482 248165
1 2484 248326
1 2485 248417
1 2485 248488
1 2486 248513
1 2487 248696
1 2489 248879
1 2490 248934
1 2491 249024
1 2491 249080
1 2492 249144
1 2494 249376
1 2494 249395
1 2496 249539
1 2496 249554
1 2496 249571
1 2497 249605
1 2499 249834
1 2501 250018
1 2501 250041
1 2502 250113
1 2503 250233
1 2504 250365
1 2505 250444
1 2511 251063
1 2513 251251
1 2513 251294
1 2515 251413
1 2517 251632
1 2517 251692
1 2519 251850
1 2520 251946
1 2520 251983
1 2520 251973
1 2521 252051
1 2522 252135
1 2523 252273
1 2524 252381
1 2525 252411
1 2526 252538
1 2526 252555
1 2527 252614
1 2527 252624
1 2527 252630
1 2528 252714
1 2528 252798
1 2530 252993
1 2531 253015
1 2531 253061
1 2532 253117
1 2535 253440
1 2535 253484
1 2536 253568
1 2536 253565
1 2537 253630
1 2538 253789
1 2540 253987
1 2541 254030
1 2541 254040
1 2541 254097
1 2542 254159
1 2543 254246
1 2543 254263
1 2543 254259
1 2544 254312
1 2544 254374
1 2545 254406
1 2546 254547
1 2546 254571
1 2546 254594
1 2547 254632
1 2548 254797
1 2549 254824
1 2549 254822
1 2549 254874
1 2550 254941
1 2581 258035
1 2582 258152
1 2582 258196
1 2583 258254
1 2584 258334
1 2585 258407
1 2586 258509
1 2586 258522
1 2587 258657
1 2588 258721
1 2588 258797
1 2589 258855
1 2590 258929
1 2590 258963
1 2592 259149
1 2593 259216
1 2593 259247
1 2594 259301
1 2594 259308
1 2594 259333
1 2594 259326
1 2594 259373
1 2597 259689
1 2598 259748
1 2598 259755
1 2599 259878
1 2600 259921
1 2600 259923
1 2601 260008
1 2601 260027
1 2607 260601
1 2607 260659
1 2609 260805
1 2609 260878
1 2610 260991
1 2611 261002
1 2613 261243
1 2613 261236
1 2614 261340
1 2615 261445
1 2616 261585
1 2617 261650
1 2619 261826
1 2620 261935
1 2620 261977
1 2625 262422
1 2627 262623
1 2628 262797
1 2630 262951
1 2631 263100
1 2632 263128
1 2633 263239
1 2633 263282
1 2634 263390
1 2635 263404
1 2636 263576
1 2637 263628
1 2637 263632
1 2637 263681
1 2638 263706
1 2639 263821
1 2640 263999
1 2701 270088
1 2704 270383
1 2706 270596
1 2707 270639
1 2708 270748
1 2709 270888
1 2710 270922
1 2713 271204
1 2713 271240
1 2713 271266
1 2715 271418
1 2715 271470
1 2715 271483
1 2716 271529
1 2717 271658
1 2719 271816
1 2719 271824
1 2719 271872
1 2720 271945
1 2721 272026
1 2721 272059
1 2721 272082
1 2722 272108
1 2723 272280
1 2723 272276
1 2724 272317
1 2725 272436
1 2726 272585
1 2727 272603
1 2728 272771
1 2728 272767
1 2729 272804
1 2729 272810
1 2729 272877
1 2730 272924
1 2731 273022
1 2732 273113
1 2732 273190
1 2734 273325
1 2734 273395
1 2735 273436
1 2735 273484
1 2738 273703
1 2738 273723
1 2739 273822
1 2739 273863
1 2740 273927
1 2740 273947
1 2743 274203
1 2746 274576
1 2747 274663
1 2750 274924
1 2750 274920
1 2750 274922
1 2750 274964
1 2752 275187
1 2753 275257
1 2756 275515
1 2756 275593
1 2757 275648
1 2757 275678
1 2757 275694
1 2757 275682
1 2759 275817
1 2760 275960
1 2760 275984
1 2796 279545
1 2799 279889
1 2799 279895
1 2800 279932
1 2801 280023
1 2801 280077
1 2802 280115
1 2802 280124
1 2802 280184
1 2803 280235
1 2803 280258
1 2805 280444
1 2805 280493
1 2806 280523
1 2807 280640
1 2807 280667
1 2808 280782
1 2809 280809
1 2809 280877
1 2810 280911
1 2812 281105
1 2812 281163
1 2814 281301
1 2814 281307
1 2817 281632
1 2820 281924
1 2820 281992
1 3151 315033
1 3152 315170
1 3153 315233
1 3154 315307
1 3154 315373
1 3155 315433
1 3155 315429
1 3156 315573
1 3157 315655
1 3158 315701
1 3158 315765
1 3160 315954
1 3160 315949
1 3161 316041
1 3163 316262
1 3165 316429
1 3166 316512
1 3166 316569
1 3167 316621
1 3167 316606
1 3167 316659
1 3167 316668
1 3168 316728
1 3168 316731
1 3168 316785
1 3169 316816
1 3169 316842
1 3170 316955
1 3171 317014
1 3171 317005
1 3171 317069
1 3171 317092
1 3172 317128
1 3172 317162
1 3172 317173
1 3172 317181
1 3173 317251
1 3173 317286
1 3174 317302
1 3174 317379
1 3175 317416
1 3175 317446
1 3176 317519
1 3180 317954
1 3180 317949
1 4983 498226
1 4983 498293
1 4984 498332
1 4988 498762
1 4989 498842
1 4991 499078
1 4992 499127
1 4992 499168
1 4992 499180
1 4995 499477
1 4998 499773
1 4998 499770
1 4999 499803
1 4999 499862
1 5000 499936
1 5000 499966
1 452 45193
1 453 45205
1 453 45214
1 454 45308
1 454 45365
1 454 45389
1 455 45407
1 455 45437
1 456 45523
1 457 45615
1 457 45687
1 458 45725
1 458 45793
1 459 45820
1 459 45852
1 461 46020
1 461 46023
1 463 46259
1 464 46331
1 465 46445
1 465 46499
1 466 46568
1 468 46786
1 470 46976
1 472 47104
1 473 47220
1 475 47458
1 476 47571
1 476 47596
1 477 47670
1 477 47640
1 478 47726
1 478 47753
1 478 47738
1 479 47857
1 480 47920
1 480 47968
1 3003 300257
1 3003 300287
1 3005 300488
1 3005 300493
1 3007 300661
1 3007 300664
1 3007 300693
1 3007 300670
1 3008 300720
1 3010 300976
1 3010 300968
1 3011 301022
1 3014 301346
1 3015 301415
1 3015 301465
1 3015 301469
1 3016 301504
1 3017 301667
1 3017 301660
1 3018 301768
1 3019 301828
1 3019 301826
1 3020 301934
1 3021 302027
1 3022 302161
1 3023 302248
1 3024 302372
1 3025 302458
1 3025 302478
1 3025 302485
1 3026 302566
1 3026 302563
1 3026 302587
1 3026 302599
1 3027 302666
1 3028 302782
1 3028 302789
1 3029 302868
1 3029 302847
1 3030 302942
1 3030 302960
1 3030 302961
1 3030 302985
1 4471 447057
1 4472 447113
1 4473 447239
1 4474 447315
1 4474 447307
1 4474 447310
1 4474 447372
1 4475 447412
1 4475 447443
1 4478 447703
1 4480 447931
1 4480 447972
1 4482 448168
1 4482 448195
1 4483 448211
1 4483 448297
1 4485 448443
1 4485 448463
1 4485 448464
1 4487 448604
1 4487 448608
1 4487 448696
1 4489 448898
1 4490 448997
1 4490 448990
1 4491 449082
1 4492 449115
1 4492 449142
1 4492 449187
1 4493 449210
1 4493 449230
1 4494 449398
1 4495 449469
1 4496 449513
1 4499 449890
1 4503 450204
1 4503 450300
1 4505 450434
1 4506 450513
1 4506 450574
1 4506 450567
1 4506 450577
1 4507 450609
1 4507 450691
1 4509 450865
1 4510 450906
1 4510 450923
1 4510 450914
1 4510 450932
1 4512 451130
1 4512 451193
1 4514 451384
1 4516 451548
1 4516 451597
1 4517 451634
1 4517 451643
1 4517 451651
1 4518 451702
1 4518 451712
1 4518 451775
1 4519 451809
1 4519 451819
1 4520 451994
1 4523 452235
1 4524 452336
1 4525 452459
1 4526 452507
1 4526 452531
1 4527 452607
1 4527 452681
1 4528 452768
1 4529 452842
1 4529 452867
1 4530 452917
1 4530 452928
1 4530 452937
1 4530 452969
