1 4613 461274
1 4615 461414
1 4616 461569
1 4621 462030
1 4621 462080
1 4622 462101
1 4622 462150
1 4623 462272
1 4624 462303
1 4629 462864
1 4631 463015
1 4632 463132
1 4632 463152
1 4632 463166
1 4635 463452
1 4635 463470
1 4638 463745
1 4639 463839
1 4640 463993
1 4640 463971
1 1020 70054
1 1020 70080
1 1024 70406
1 1024 70428
1 1025 70531
1 1025 70538
1 1026 70663
1 1026 70673
1 1027 70713
1 1027 70787
1 1029 70923
1 1029 70906
1 1030 71100
1 1031 71108
1 1032 71298
1 1033 71376
1 1033 71369
1 1035 71520
1 1035 71584
1 1039 71969
1 1041 72183
1 1042 72230
1 1042 72283
1 1042 72287
1 3338 333741
1 3344 334320
1 3346 334511
1 3346 334578
1 3346 334587
1 3350 334965
1 3350 334992
1 3351 335008
1 3351 335049
1 3351 335070
1 3354 335353
1 3356 335537
1 3358 335739
1 3358 335748
1 3358 335789
1 3360 335960
1 3361 336033
1 3362 336103
1 3362 336130
1 3363 336216
1 3363 336264
1 3364 336362
1 3800 379976
1 3800 379999
1 3801 380023
1 3801 380038
1 3801 380044
1 3804 380315
1 3804 380317
1 3804 380336
1 3804 380378
1 3805 380432
1 3805 380424
1 3805 380465
1 3806 380509
1 3806 380516
1 3807 380680
1 3808 380734
1 3808 380782
1 3809 380841
1 3809 380868
1 3810 380986
1 3811 381045
1 3811 381090
1 3812 381132
1 3814 381384
1 3816 381560
1 3818 381799
1 3819 381830
1 3819 381873
1 3819 381892
1 3821 382031
1 3821 382041
1 3823 382261
1 3823 382288
1 3827 382647
1 3827 382681
1 3828 382751
1 1195 119454
1 1195 119478
1 1197 119619
1 1197 119618
1 1198 119763
1 1199 119825
1 1201 120094
1 1202 120136
1 1203 120202
1 1204 120325
1 1204 120324
1 1204 120373
1 1207 120605
1 1207 120698
1 1209 120827
1 1209 120878
1 1211 121004
1 1213 121227
1 1213 121299
1 436 43563
1 437 43604
1 438 43735
1 439 43825
1 439 43835
1 442 44170
1 444 44383
1 446 44510
1 447 44605
1 447 44644
1 447 44662
1 447 44685
1 447 44690
1 449 44810
1 450 44988
1 450 44999
1 451 45024
1 454 45326
1 454 45346
1 455 45405
1 456 45520
1 456 45519
1 456 45561
1 458 45719
1 458 45720
1 458 45724
1 460 45905
1 460 45982
1 462 46131
1 462 46172
1 1162 116115
1 1162 116192
1 1163 116207
1 1164 116301
1 1164 116368
1 1166 116521
1 1166 116572
1 1167 116635
1 1168 116738
1 1170 116941
1 1170 116977
1 1170 116973
1 1171 117019
1 1172 117109
1 1172 117197
1 1174 117379
1 1174 117381
1 1175 117438
1 1177 117677
1 1178 117754
1 1178 117792
1 1179 117813
1 1179 117882
1 1181 118042
1 1182 118141
1 1184 118357
1 1186 118507
1 1189 118826
1 1189 118886
1 1338 133763
1 1338 133792
1 1339 133845
1 1340 133919
1 1341 134079
1 1344 134339
1 1346 134580
1 1350 134942
1 1350 134966
1 1351 135024
1 1353 135228
1 1353 135273
1 1354 135372
1 1355 135464
1 1356 135503
1 1356 135573
1 1356 135584
1 1357 135681
1 1362 136185
1 1625 162435
1 1625 162493
1 1626 162508
1 1626 162539
1 1627 162627
1 1627 162694
1 1629 162811
1 1629 162840
1 1629 162872
1 1630 162911
1 1630 162920
1 1630 162948
1 1631 163016
1 1632 163139
1 1632 163153
1 1633 163219
1 1633 163241
1 1637 163641
1 1638 163773
1 1639 163815
1 1641 164038
1 1641 164091
1 1642 164140
1 1642 164147
1 1643 164250
1 1646 164511
1 1646 164560
1 1647 164677
1 1650 164973
1 1653 165282
1 3945 394424
1 3945 394487
1 3946 394568
1 3949 394846
1 3950 394968
1 3951 395005
1 3951 395028
1 3951 395076
1 3952 395182
1 3954 395331
1 3956 395539
1 3956 395567
1 3957 395619
1 3958 395783
1 3959 395889
1 3960 395942
1 3964 396332
1 3964 396372
1 3965 396419
1 3967 396661
1 3969 396842
1 3970 396966
1 3972 397103
1 3972 397163
1 3972 397195
1 3974 397364
1 3974 397370
1 3974 397393
1 3975 397432
1 3975 397499
1 3976 397529
1 3978 397702
1 3979 397808
1 3984 398376
1 3985 398423
1 3986 398571
1 3987 398663
1 3987 398648
1 3987 398678
1 3988 398706
1 3988 398785
1 3989 398835
1 3989 398859
1 3990 398934
1 3990 398928
1 3995 399417
1 3998 399780
1 3999 399831
1 3999 399843
1 4235 423415
1 4236 423592
1 4240 423928
1 4241 424049
1 4242 424173
1 4242 424184
1 4244 424359
1 4245 424424
1 4248 424710
1 4250 424965
1 4252 425173
1 4257 425684
1 4259 425818
1 4259 425869
1 4260 425921
1 4260 425992
1 4262 426123
1 4293 429243
1 4293 429286
1 4298 429763
1 4300 429957
1 4301 430019
1 4304 430342
1 4305 430414
1 4308 430792
1 4311 431026
1 4311 431035
1 4311 431052
1 4311 431087
1 4312 431116
1 4312 431182
1 4313 431246
1 4313 431299
1 4314 431347
1 4314 431376
1 4315 431423
1 4315 431439
1 4315 431482
1 4318 431800
1 4319 431897
1 4321 432084
1 4467 446694
1 4468 446740
1 4469 446875
1 4470 446980
1 4472 447121
1 4472 447197
1 4473 447262
1 4473 447296
1 4474 447383
1 4477 447624
1 4478 447713
1 4478 447739
1 4479 447824
1 4480 447996
1 4481 448043
1 4482 448146
1 4483 448201
1 4483 448269
1 4486 448552
1 4488 448782
1 4489 448886
1 4493 449212
1 4495 449431
1 4495 449470
1 4902 490189
1 4903 490235
1 4903 490257
1 4904 490380
1 4906 490515
1 4907 490615
1 4907 490674
1 4908 490786
1 4908 490797
1 4909 490821
1 4909 490853
1 4909 490875
1 4910 490903
1 4910 490926
1 4912 491152
1 4913 491281
1 4915 491468
1 4917 491671
1 4918 491791
1 4919 491801
1 4919 491872
1 4920 491906
1 4920 491903
1 4921 492053
1 4922 492194
1 4923 492263
1 4925 492430
1 4925 492429
1 4926 492506
1 4926 492535
1 4927 492633
1 4927 492636
1 4927 492662
1 4927 492680
1 4927 492690
1 4929 492848
1 4929 492874
1 4929 492883
1 4930 492904
1 2263 226205
1 2268 226734
1 2268 226744
1 2269 226813
1 2269 226887
1 2270 226950
1 2270 226976
1 2273 227213
1 2273 227236
1 2277 227666
1 2277 227683
1 2278 227717
1 2278 227776
1 2279 227813
1 2279 227825
1 2279 227877
1 2279 227881
1 2282 228196
1 2283 228254
1 2284 228317
1 2284 228355
1 2286 228534
1 2287 228683
1 2289 228863
1 2291 229026
1 2291 229097
1 1452 90004
1 1452 90013
1 1452 90037
1 1453 90160
1 1453 90182
1 1457 90581
1 1457 90591
1 1458 90666
1 1459 90755
1 1459 90746
1 1460 90839
1 1460 90888
1 1461 90934
1 1462 91045
1 1462 91052
1 1463 91114
1 1464 91231
1 1464 91250
1 1467 91583
1 1469 91798
1 1470 91861
1 1473 92195
1 1476 92412
1 1477 92564
1 1479 92750
1 1479 92755
1 4816 127705
1 4816 127704
1 4816 127777
1 4816 127772
1 4817 127850
1 4819 128037
1 4819 128032
1 4821 128255
1 4823 128427
1 4823 128405
1 4823 128451
1 4824 128572
1 4825 128610
1 4825 128689
1 4826 128730
1 4828 128929
1 4829 129004
1 4829 129041
1 4829 129095
1 4830 129132
1 4830 129159
1 4831 129244
1 4832 129325
1 4833 129408
1 4838 129913
1 4840 130139
1 4841 130204
1 4841 130216
1 4842 130302
1 4842 130316
1 4843 130445
1 263 17507
1 264 17603
1 264 17627
1 265 17742
1 265 17729
1 265 17762
1 266 17889
1 267 17906
1 268 18019
1 268 18018
1 268 18069
1 269 18147
1 270 18253
1 270 18260
1 271 18324
1 272 18401
1 272 18492
1 273 18582
1 273 18595
1 276 18807
1 277 18969
1 278 19051
1 279 19132
1 279 19173
1 279 19195
1 280 19220
1 281 19350
1 281 19390
1 283 19541
1 283 19596
1 289 20192
1 291 20308
1 292 20457
1 293 20545
1 294 20666
1 296 20815
1 296 20864
1 296 20870
1 298 21030
1 298 21028
1 299 21185
1 304 21645
1 307 21915
1 311 22310
1 311 22377
1 312 22451
1 312 22484
1 315 22711
1 315 22730
1 316 22851
1 316 22885
1 318 23053
1 318 23089
1 494 26141
1 494 26184
1 495 26220
1 497 26441
1 498 26501
1 499 26605
1 499 26613
1 501 26873
1 502 26920
1 504 27195
1 505 27229
1 505 27297
1 506 27304
1 507 27425
1 507 27463
1 508 27578
1 509 27667
1 510 27709
1 513 28029
1 517 28448
1 517 28454
1 517 28473
1 518 28538
1 520 28732
1 521 28858
1 521 28880
1 521 28900
1 1219 81236
1 1219 81295
1 1220 81359
1 1220 81393
1 1222 81583
1 1222 81577
1 1223 81606
1 1224 81713
1 1226 81969
1 1226 81976
1 1227 82093
1 1228 82162
1 1229 82246
1 1231 82428
1 1232 82512
1 1234 82767
1 1235 82886
1 1235 82869
1 1236 82917
1 1236 82927
1 1236 82946
1 1237 83050
1 1238 83149
1 1238 83178
1 1240 83316
1 1240 83328
1 1241 83403
1 1245 83821
1 1245 83868
1 1246 83925
1 1246 83970
1 1246 83996
1 1247 84036
1 1247 84078
1 408 40797
1 411 41008
1 414 41338
1 418 41791
1 418 41787
1 420 41907
1 420 41954
1 425 42469
1 425 42466
1 426 42567
1 427 42675
1 427 42677
1 428 42753
1 428 42767
1 430 42918
1 431 43008
1 431 43054
1 432 43176
1 435 43482
1 4035 403401
1 4035 403496
1 4035 403489
1 4036 403509
1 4038 403712
1 4038 403759
1 4038 403783
1 4038 403800
1 4040 403989
1 4041 404025
1 4044 404325
1 4044 404319
1 4046 404536
1 4050 404961
1 4052 405145
1 4052 405198
1 4054 405302
1 4054 405349
1 4055 405458
1 4055 405459
1 4056 405544
1 4056 405568
1 4056 405589
1 4059 405838
1 2060 205975
1 2062 206178
1 2063 206216
1 2063 206213
1 2063 206283
1 2064 206367
1 2065 206488
1 2066 206554
1 2068 206796
1 2069 206842
1 2071 207024
1 2073 207270
1 2074 207318
1 2076 207543
1 2076 207545
1 2077 207625
1 2077 207632
1 2077 207689
1 2082 208151
1 2083 208204
1 2083 208219
1 2083 208230
1 2083 208281
1 2085 208494
1 2087 208698
1 3540 353955
1 3540 353969
1 3541 354025
1 3542 354132
1 3542 354157
1 3542 354190
1 3542 354182
1 3542 354194
1 3543 354207
1 3544 354381
1 3545 354437
1 3545 354442
1 3545 354470
1 3546 354522
1 3546 354599
1 3547 354671
1 3549 354815
1 3549 354889
1 3552 355104
1 3552 355153
1 3553 355278
1 3553 355276
1 3554 355314
1 3556 355593
1 3556 355596
1 3557 355673
1 3557 355679
1 3560 355938
1 3563 356208
1 3564 356370
1 3565 356426
1 3566 356551
1 324 32301
1 324 32376
1 325 32434
1 326 32575
1 327 32616
1 327 32621
1 327 32667
1 328 32734
1 329 32822
1 331 33077
1 332 33158
1 334 33389
1 336 33569
1 337 33684
1 338 33747
1 342 34113
1 343 34260
1 344 34310
1 347 34650
1 348 34792
1 1078 107734
1 1078 107769
1 1079 107829
1 1080 107917
1 1080 107978
1 1081 108076
1 1084 108367
1 1085 108404
1 1085 108429
1 1086 108547
1 1086 108565
1 1086 108574
1 1094 109312
1 1096 109515
1 1096 109572
1 1098 109777
1 1100 109959
1 1654 165390
1 1655 165417
1 1655 165470
1 1656 165514
1 1656 165555
1 1657 165645
1 1658 165759
1 1658 165793
1 1660 165902
1 1660 165950
1 1661 166034
1 1663 166277
1 1663 166279
1 1666 166583
1 1666 166594
1 1667 166635
1 1667 166683
1 1668 166741
1 1669 166877
1 1670 166941
1 1671 167032
1 1673 167208
1 1673 167250
1 1676 167508
1 1676 167523
1 1678 167701
1 1679 167835
1 1680 167906
1 1680 167923
1 1681 168009
1 1829 182823
1 1829 182839
1 1829 182891
1 1830 182956
1 1830 182999
1 1831 183084
1 1832 183132
1 1832 183200
1 1833 183262
1 1834 183302
1 1836 183541
1 1836 183553
1 1836 183569
1 1837 183630
1 1843 184221
1 1843 184218
1 1843 184233
1 1844 184341
1 1846 184518
1 1846 184578
1 1847 184614
1 1847 184636
1 1847 184657
1 1851 185088
1 1856 185506
1 1856 185520
1 1888 188714
1 1889 188829
1 1892 189108
1 1895 189410
1 1895 189413
1 1895 189494
1 1896 189510
1 1899 189851
1 1901 190053
1 1901 190084
1 1902 190129
1 1906 190534
1 1907 190631
1 1907 190685
1 1909 190899
1 1909 190900
1 1910 190920
1 1910 190918
1 1910 190926
1 1911 191009
1 1912 191106
1 1912 191136
1 1912 191181
1 1913 191217
1 1913 191219
1 1944 194349
1 1944 194340
1 1944 194395
1 1945 194494
1 1945 194493
1 1948 194734
1 1952 195152
1 1955 195431
1 1955 195441
1 1956 195518
1 1958 195706
1 1960 195932
1 1960 195986
1 1961 196024
1 1961 196052
1 1962 196103
1 1963 196233
1 1963 196268
1 1964 196311
1 1965 196437
1 1966 196560
1 1966 196587
1 1966 196593
1 1969 196862
1 1971 197035
1 1973 197217
1 1973 197237
1 1974 197319
1 1977 197628
1 1977 197675
1 1977 197682
1 1978 197784
1 1982 198196
1 1983 198219
1 1984 198353
1 1988 198772
1 1993 199207
1 1993 199250
1 1993 199259
1 1993 199280
1 1996 199568
1 1999 199806
1 2000 199901
1 2000 199929
1 2002 200114
1 2004 200322
1 2004 200382
1 2008 200746
1 2010 200911
1 2011 201040
1 2011 201096
1 2013 201278
1 2013 201300
1 2014 201313
1 2015 201417
1 2015 201490
1 2016 201592
1 2017 201670
1 2018 201745
1 2018 201756
1 2019 201858
1 2019 201878
1 2020 201969
1 2021 202097
1 2022 202157
1 2022 202167
1 2022 202160
1 2023 202258
1 2024 202301
1 2027 202602
1 2027 202663
1 2028 202739
1 2030 202949
1 2147 214614
1 2149 214866
1 2150 214994
1 2151 215017
1 2152 215168
1 2153 215266
1 2155 215410
1 2157 215601
1 2158 215703
1 2162 216125
1 2163 216250
1 2164 216330
1 2164 216352
1 2164 216360
1 2166 216579
1 2169 216845
1 2170 216965
1 2170 216978
1 2171 217064
1 2173 217280
1 2174 217395
1 2175 217430
1 2467 246629
1 2467 246699
1 2468 246732
1 2468 246727
1 2468 246748
1 2470 246993
1 2472 247172
1 2473 247211
1 2474 247318
1 2474 247342
1 2474 247346
1 2474 247379
1 2475 247499
1 2476 247530
1 2477 247614
1 2478 247718
1 2479 247845
1 2481 248019
1 2481 248030
1 2482 248175
1 2483 248213
1 2483 248226
1 2483 248217
1 2484 248335
1 2487 248684
1 2488 248799
1 2492 249140
1 2493 249282
1 2494 249340
1 2611 261022
1 2611 261031
1 2612 261199
1 2614 261328
1 2615 261483
1 2617 261632
1 2617 261675
1 2618 261790
1 2623 262280
1 2624 262375
1 2625 262424
1 2625 262442
1 2626 262593
1 2629 262839
1 2630 262936
1 2630 262942
1 2633 263235
1 2637 263614
1 2637 263644
1 2637 263672
1 2814 281325
1 2814 281339
1 2814 281319
1 2814 281398
1 2815 281480
1 2816 281548
1 2816 281577
1 2816 281588
1 2818 281712
1 2822 282135
1 2823 282245
1 2825 282430
1 2826 282543
1 2826 282574
1 2827 282643
1 2828 282707
1 2828 282711
1 2831 283015
1 2831 283026
1 2833 283235
1 2834 283329
1 2834 283332
1 2835 283438
1 2836 283547
1 2836 283560
1 2836 283597
1 2836 283591
1 2836 283593
1 2837 283640
1 2839 283840
1 2842 284133
1 2842 284167
1 3510 351000
1 3512 351107
1 3512 351167
1 3515 351466
1 3516 351501
1 3518 351746
1 3518 351783
1 3518 351786
1 3519 351835
1 3520 351961
1 3520 351968
1 3522 352101
1 3523 352255
1 3523 352292
1 3524 352389
1 3525 352434
1 3526 352504
1 3528 352740
1 3529 352876
1 3530 352910
1 3531 353081
1 3531 353075
1 3532 353191
1 3533 353280
1 3534 353331
1 3536 353555
1 4092 409105
1 4092 409155
1 4093 409249
1 4093 409280
1 4096 409519
1 4097 409656
1 4097 409684
1 4099 409891
1 4100 409999
1 4102 410131
1 4103 410244
1 4107 410606
1 4108 410707
1 4108 410751
1 4110 410917
1 4110 410998
1 4113 411204
1 4113 411212
1 4115 411496
1 4116 411566
1 4206 420507
1 4209 420822
1 4210 420958
1 4215 421446
1 4216 421559
1 4218 421724
1 4219 421808
1 4219 421841
1 4219 421864
1 4224 422354
1 4225 422442
1 4226 422544
1 4226 422582
1 4226 422584
1 4229 422869
1 4230 422910
1 4230 422904
1 4525 452403
1 4526 452510
1 4527 452675
1 4532 453113
1 4534 453391
1 4536 453521
1 4540 453909
1 4541 454006
1 4543 454222
1 4543 454238
1 4543 454251
1 4547 454658
1 4549 454811
1 4550 454945
1 4550 454974
1 4552 455117
1 4552 455171
1 4553 455297
1 4556 455579
1 4557 455614
1 4558 455772
1 4558 455784
1 4559 455899
1 4559 455860
1 4559 455897
1 4559 455896
1 4565 456434
1 4565 456500
1 4566 456551
1 4567 456623
1 4568 456744
1 4568 456778
1 4570 456978
1 4570 456965
1 4576 457592
1 4577 457664
1 4577 457668
1 4578 457709
1 4578 457716
1 4578 457730
1 4578 457794
1 4579 457839
1 4579 457853
1 4580 457929
1 4580 457984
1 4581 458026
1 4581 458037
1 4583 458239
1 4586 458502
1 4586 458552
1 4587 458673
1 4591 459049
1 4592 459146
1 4594 459320
1 4594 459329
1 4594 459352
1 4596 459535
1 4596 459583
1 4596 459595
1 4597 459633
1 4603 460291
1 4605 460419
1 4606 460567
1 4606 460585
1 4609 460814
1 4609 460889
1 4610 460961
1 4610 460980
1 4932 493151
1 4933 493293
1 4934 493339
1 4935 493481
1 4936 493593
1 4937 493647
1 4937 493645
1 4938 493798
1 4939 493812
1 4939 493836
1 4942 494130
1 4942 494132
1 4944 494305
1 4944 494339
1 4945 494464
1 4945 494485
1 4945 494499
1 4946 494546
1 4946 494571
1 4949 494877
1 4950 494969
1 4952 495113
1 4953 495273
1 4955 495450
1 4959 495854
1 4959 495894
1 1540 153973
1 1541 154060
1 1541 154084
1 1543 154201
1 1545 154455
1 1546 154517
1 1546 154522
1 1546 154549
1 1547 154692
1 1550 154918
1 1550 154950
1 1551 155060
1 1552 155141
1 1553 155235
1 1554 155349
1 1555 155456
1 1559 155857
1 1559 155869
1 1561 156003
1 1561 156022
1 1561 156077
1 1564 156317
1 1564 156345
1 1564 156352
1 1566 156554
1 1566 156593
1 2524 252308
1 2524 252312
1 2524 252346
1 2525 252428
1 2526 252546
1 2527 252630
1 2528 252775
1 2528 252773
1 2529 252867
1 2530 252920
1 2530 252947
1 2530 252942
1 2530 252975
1 2531 253043
1 2533 253281
1 2537 253670
1 2540 253962
1 2542 254123
1 2542 254132
1 2543 254227
1 2544 254358
1 2544 254389
1 2546 254533
1 2546 254539
1 2549 254865
1 2549 254861
1 2550 254950
1 2550 254997
1 2553 255289
1 2555 255468
1 2557 255634
1 2557 255689
1 2559 255805
1 2559 255857
1 2559 255899
1 2559 255890
1 2560 255968
1 2563 256285
1 2564 256397
1 2566 256535
1 2567 256610
1 2567 256615
1 2567 256669
1 2567 256678
1 2569 256856
1 2570 256935
1 2571 257015
1 2571 257039
1 2572 257162
1 2573 257288
1 2573 257280
1 2574 257394
1 2579 257830
1 2959 295859
1 2960 295999
1 2961 296015
1 2961 296072
1 2963 296279
1 2965 296448
1 2966 296533
1 2966 296590
1 2967 296634
1 2968 296763
1 2971 297029
1 2972 297113
1 2972 297151
1 2972 297198
1 2972 297200
1 2974 297308
1 2974 297340
1 2975 297405
1 2975 297466
1 2975 297484
1 2977 297632
1 2977 297653
1 2981 298006
1 2981 298091
1 2982 298177
1 2983 298208
1 2983 298268
1 2986 298558
1 2987 298605
1 2987 298665
1 4409 440801
1 4410 440968
1 4410 440980
1 4411 441068
1 4412 441172
1 4412 441154
1 4413 441230
1 4414 441384
1 4415 441413
1 4415 441402
1 4416 441591
1 4419 441808
1 4419 441879
1 4420 441941
1 4420 441956
1 4421 442065
1 4421 442067
1 4421 442066
1 4422 442119
1 4424 442358
1 4425 442447
1 4428 442702
1 4428 442769
1 4429 442819
1 4431 443024
1 4431 443035
1 4431 443061
1 4431 443077
1 4432 443147
1 4433 443271
1 4435 443462
1 4436 443579
1 4436 443598
1 4437 443641
1 4440 443912
1 4442 444163
1 4444 444392
1 4447 444658
1 4450 444908
1 4454 445323
1 4454 445377
1 4455 445419
1 4455 445422
1 4455 445431
1 4456 445577
1 4458 445753
1 4460 445930
1 4460 445933
1 4460 445980
1 4461 446063
1 4462 446141
1 4463 446245
1 4496 449505
1 4498 449747
1 4498 449784
1 4499 449872
1 4500 449950
1 4501 450002
1 4501 450045
1 4501 450069
1 4501 450091
1 4502 450148
1 4502 450165
1 4502 450196
1 4505 450413
1 4506 450583
1 4506 450594
1 4508 450796
1 4509 450830
1 4509 450858
1 4509 450883
1 4513 451263
1 4513 451282
1 4516 451516
1 4516 451594
1 4517 451673
1 4519 451844
1 4519 451854
1 4522 452139
1 4523 452233
1 4524 452344
1 4524 452349
1 4524 452363
1 4670 466917
1 4672 467118
1 4673 467229
1 4673 467286
1 4675 467417
1 4676 467505
1 4676 467550
1 4677 467666
1 4678 467720
1 4680 467991
1 4681 468070
1 4684 468313
1 4684 468343
1 4686 468528
1 4686 468527
1 4687 468605
1 4687 468661
1 4687 468688
1 4689 468803
1 4689 468849
1 4691 469011
1 4691 469083
1 4693 469212
1 4696 469570
1 4697 469629
1 4698 469738
1 4698 469748
1 32 3102
1 32 3123
1 33 3216
1 33 3219
1 33 3230
1 33 3257
1 34 3375
1 35 3452
1 38 3718
1 38 3735
1 39 3808
1 39 3832
1 39 3881
1 40 3937
1 44 4320
1 44 4349
1 45 4411
1 47 4667
1 52 5130
1 52 5146
1 53 5223
1 54 5319
1 54 5330
1 54 5379
1 55 5429
1 55 5437
1 55 5486
1 58 5731
1 1277 84121
1 1280 84495
1 1281 84560
1 1282 84616
1 1283 84706
1 1283 84729
1 1283 84768
1 1285 84973
1 1288 85296
1 1290 85499
1 1292 85605
1 1293 85790
1 1294 85811
1 1296 86015
1 1296 86040
1 1296 86070
1 1299 86304
1 1300 86439
1 1300 86440
1 1301 86571
1 1302 86606
1 1302 86666
1 1304 86812
1 1304 86875
1 3484 122156
1 3484 122176
1 3487 122500
1 3494 123118
1 3494 123120
1 3495 123239
1 3496 123311
1 3496 123366
1 3502 123921
1 3502 123967
1 3503 124016
1 3503 124082
1 3505 124237
1 3509 124629
1 3509 124656
1 3509 124690
1 1249 124881
1 1249 124894
1 1250 124902
1 1250 124934
1 1252 125108
1 1253 125244
1 1258 125710
1 1258 125768
1 1260 125969
1 1260 125966
1 1262 126155
1 1263 126250
1 1265 126428
1 1266 126509
1 1266 126534
1 1270 126959
1 1271 127034
1 1272 127150
1 1273 127217
1 1273 127240
1 1273 127236
1 1273 127271
1 1274 127314
1 1274 127349
1 1275 127405
1 1275 127456
1 1275 127453
1 2495 249417
1 2496 249519
1 2496 249542
1 2496 249587
1 2497 249672
1 2498 249719
1 2498 249769
1 2499 249837
1 2499 249885
1 2500 249972
1 2504 250343
1 2504 250362
1 2504 250400
1 2507 250605
1 2508 250735
1 2511 251098
1 2512 251198
1 2513 251229
1 2513 251298
1 2514 251319
1 2514 251343
1 2516 251530
1 2516 251589
1 2518 251743
1 2519 251822
1 2521 252053
1 2523 252259
1 2843 284203
1 2847 284615
1 2847 284622
1 2850 284964
1 2850 284999
1 2852 285139
1 2852 285150
1 2854 285341
1 2855 285477
1 2858 285730
1 2859 285877
1 2861 286065
1 2862 286140
1 2862 286169
1 2863 286294
1 2864 286371
1 2866 286509
1 2868 286789
1 2869 286812
1 2869 286873
1 2871 287023
1 2871 287028
1 2931 293058
1 2933 293247
1 2934 293343
1 2934 293352
1 2934 293389
1 2937 293642
1 2942 294163
1 2943 294209
1 2943 294270
1 2944 294325
1 2946 294537
1 2947 294634
1 2950 294999
1 2952 295165
1 2952 295190
1 2953 295202
1 2953 295277
1 2954 295309
1 2954 295328
1 2955 295423
1 2956 295581
1 2957 295609
1 2957 295678
1 2957 295687
1 2988 298722
1 2990 298912
1 2990 298909
1 2990 298913
1 2990 298976
1 2992 299189
1 2993 299229
1 2994 299336
1 2995 299447
1 2997 299613
1 3001 300035
1 3001 300089
1 3002 300142
1 3002 300175
1 3002 300198
1 3003 300244
1 3004 300307
1 3004 300396
1 3005 300428
1 3005 300422
1 3005 300424
1 3005 300475
1 3007 300623
1 3007 300685
1 3008 300720
1 3010 300903
1 3010 300942
1 3011 301053
1 3011 301100
1 3013 301208
1 3013 301229
1 3013 301270
1 3014 301337
1 3015 301468
1 3017 301634
1 3018 301730
1 3019 301875
1 3021 302059
1 3024 302364
1 3025 302406
1 3025 302452
1 3025 302455
1 3025 302466
1 3026 302539
1 3027 302602
1 3027 302640
1 3028 302723
1 3028 302793
1 3030 302906
1 3030 302958
1 3032 303128
1 3032 303145
1 3034 303385
1 3035 303429
1 3036 303573
1 3036 303584
1 3037 303641
1 3039 303841
1 3045 304466
1 3107 310666
1 3108 310703
1 3112 311149
1 3113 311230
1 3113 311266
1 3114 311373
1 3114 311377
1 3117 311603
1 3117 311626
1 3118 311784
1 3119 311872
1 3124 312356
1 3125 312471
1 3127 312602
1 3128 312763
1 3130 312901
1 3131 313006
1 3132 313115
1 3132 313184
1 3280 327967
1 3281 328025
1 3281 328049
1 3282 328101
1 3283 328210
1 3284 328373
1 3285 328414
1 3286 328501
1 3286 328535
1 3287 328638
1 3287 328620
1 3287 328670
1 3291 329077
1 3291 329080
1 3292 329120
1 3293 329293
1 3294 329342
1 3295 329474
1 3295 329484
1 3296 329575
1 3300 329927
1 3300 329961
1 3300 329969
1 3302 330155
1 3304 330318
1 3304 330379
1 3305 330417
1 3305 330457
1 3306 330512
1 3306 330535
1 3306 330590
1 3307 330641
1 3308 330772
1 3308 330764
1 3308 330791
1 3310 330960
1 3312 331166
1 3314 331340
1 3315 331406
1 3315 331461
1 3315 331492
1 3317 331666
1 3318 331765
1 3319 331819
1 3319 331829
1 3320 331992
1 3321 332050
1 3321 332057
1 3322 332163
1 3324 332351
1 3325 332424
1 3327 332644
1 3327 332693
1 3328 332734
1 3329 332860
1 3330 332929
1 3330 332933
1 3333 333238
1 3334 333328
1 3334 333345
1 3335 333451
1 3335 333452
1 3335 333468
1 3452 345145
1 3452 345175
1 3452 345176
1 3452 345188
1 3453 345223
1 3453 345288
1 3455 345429
1 3455 345442
1 3456 345538
1 3457 345694
1 3459 345805
1 3459 345842
1 3464 346342
1 3464 346351
1 3466 346595
1 3469 346843
1 3471 347084
1 3472 347191
1 3475 347484
1 3476 347529
1 3477 347622
1 3479 347870
1 3715 371474
1 3718 371716
1 3719 371807
1 3719 371830
1 3720 372000
1 3721 372013
1 3721 372025
1 3721 372027
1 3723 372226
1 3723 372270
1 3724 372362
1 3725 372425
1 3726 372512
1 3729 372827
1 3729 372870
1 3731 373012
1 3732 373174
1 3734 373305
1 3735 373412
1 3735 373486
1 3736 373565
1 3737 373660
1 3737 373685
1 3738 373753
1 3742 374115
1 3742 374169
1 3742 374174
1 3743 374219
1 3743 374252
1 3744 374341
1 3745 374438
1 3745 374495
1 3746 374558
1 3746 374576
1 3747 374607
1 3750 374914
1 3751 375050
1 3751 375039
1 3751 375076
1 3752 375182
1 3756 375551
1 3757 375602
1 3757 375677
1 3757 375696
1 3758 375708
1 3758 375731
1 3758 375752
1 3759 375808
1 3759 375835
1 3759 375898
1 3760 375942
1 3761 376055
1 3762 376114
1 3763 376216
1 3763 376226
1 3764 376319
1 3764 376331
1 3765 376411
1 3765 376471
1 3766 376545
1 3767 376603
1 3767 376621
1 3770 376908
1 3770 376931
1 3770 376913
1 3770 376958
1 3830 382917
1 3830 382934
1 3831 383023
1 3831 383091
1 3833 383274
1 3834 383361
1 3835 383423
1 3835 383477
1 3835 383481
1 3836 383557
1 3837 383606
1 3837 383660
1 3837 383679
1 3838 383771
1 3841 384049
1 3842 384141
1 3842 384147
1 3844 384324
1 3845 384482
1 3847 384608
1 3850 384943
1 3851 385012
1 3851 385009
1 3852 385115
1 3852 385179
1 3853 385233
1 3853 385292
1 3853 385295
1 3854 385385
1 3855 385402
1 3855 385420
1 3856 385537
1 3857 385618
1 4149 414898
1 4150 414980
1 4151 415006
1 4151 415071
1 4152 415118
1 4155 415479
1 4157 415634
1 4157 415667
1 4163 416238
1 4164 416337
1 4164 416393
1 4165 416412
1 4165 416457
1 4167 416620
1 4167 416670
1 4167 416692
1 4169 416832
1 4170 416963
1 4171 417013
1 4172 417127
1 4175 417426
1 4175 417440
1 4176 417526
1 4176 417548
1 4176 417594
1 4177 417647
1 4179 417817
1 4179 417894
1 4180 417958
1 4181 418057
1 4182 418109
1 4182 418103
1 4187 418606
1 4188 418761
1 4188 418773
1 4192 419145
1 4197 419629
1 4197 419681
1 4198 419726
1 4198 419704
1 4198 419779
1 4200 419912
1 4202 420199
1 4205 420436
1 4383 438213
1 4384 438317
1 4387 438644
1 4388 438777
1 4388 438795
1 4389 438826
1 4390 438956
1 4394 439313
1 4394 439324
1 4394 439399
1 4395 439445
1 4396 439529
1 4396 439582
1 4399 439845
1 4399 439881
1 4400 439929
1 4403 440281
1 4403 440297
1 4404 440360
1 4404 440391
1 4406 440517
1 4407 440699
1 4408 440740
1 4408 440735
1 4642 464129
1 4642 464147
1 4642 464198
1 4644 464380
1 4645 464437
1 4645 464464
1 4646 464527
1 4646 464581
1 4650 464961
1 4650 464957
1 4655 465464
1 4657 465670
1 4657 465675
1 4658 465721
1 4658 465735
1 4659 465850
1 4659 465889
1 4661 466005
1 4663 466289
1 4665 466435
1 4666 466524
1 4668 466781
1 4699 469814
1 4700 469902
1 4700 469963
1 4701 470004
1 4701 470027
1 4703 470224
1 4708 470775
1 4711 471010
1 4713 471214
1 4713 471229
1 4713 471234
1 4713 471286
1 4717 471625
1 4717 471628
1 4717 471683
1 4719 471854
1 4719 471883
1 4720 471981
1 4723 472267
1 4724 472360
1 4724 472373
1 4727 472602
1 4727 472647
1 4727 472665
1 4730 472947
1 4730 472970
1 4731 473050
1 4731 473100
1 4732 473134
1 4732 473166
1 4733 473277
1 4735 473428
1 4735 473452
1 4737 473661
1 4738 473736
1 4739 473857
1 4739 473900
1 4740 473907
1 4740 473903
1 4740 473990
1 4741 474024
1 4741 474052
1 4741 474066
1 4741 474093
1 4743 474214
1 4746 474522
1 4746 474579
1 4748 474795
1 4749 474830
1 4750 474963
1 4751 475089
1 4755 475454
1 4788 478768
1 4788 478777
1 4791 479033
1 4792 479121
1 4792 479167
1 4793 479291
1 4794 479393
1 4795 479445
1 4795 479473
1 4795 479486
1 4797 479696
1 4800 479919
1 4800 479950
1 4800 479963
1 4801 480037
1 4802 480126
1 4803 480280
1 4807 480612
1 4807 480662
1 4807 480660
1 4807 480679
1 4809 480834
1 4809 480860
1 4810 480986
1 4811 481089
1 4813 481208
1 4813 481248
1 4960 495968
1 4961 496070
1 4962 496112
1 4962 496160
1 4962 496191
1 4963 496268
1 4969 496808
1 4970 496910
1 4970 496977
1 4971 497026
1 4971 497065
1 4972 497101
1 4972 497166
1 4973 497275
1 4974 497348
1 4977 497690
1 4978 497751
1 4980 497995
1 4983 498225
1 4983 498230
1 4984 498304
1 4986 498585
1 4987 498601
1 4987 498671
1 758 43823
1 759 43917
1 759 43963
1 761 44166
1 764 44403
1 764 44489
1 766 44624
1 766 44636
1 766 44667
1 766 44682
1 769 44930
1 769 44979
1 770 45050
1 770 45078
1 771 45158
1 772 45253
1 772 45269
1 773 45326
1 773 45327
1 774 45424
1 775 45550
1 775 45583
1 775 45569
1 776 45631
1 776 45660
1 777 45734
1 777 45750
1 777 45762
1 778 45831
1 779 45967
1 779 45982
1 782 46238
1 2873 287207
1 2874 287357
1 2875 287418
1 2875 287460
1 2876 287533
1 2880 287991
1 2881 288064
1 2883 288212
1 2885 288419
1 2889 288842
1 2890 288977
1 2891 289076
1 2893 289290
1 2895 289485
1 2898 289729
1 2899 289828
1 2899 289874
1 2900 289907
1 3249 324817
1 3249 324874
1 3250 324949
1 3250 324984
1 3251 325082
1 3252 325109
1 3253 325202
1 3255 325484
1 3256 325549
1 3256 325539
1 3256 325586
1 3257 325607
1 3257 325700
1 3258 325793
1 3260 325916
1 3260 325910
1 3262 326196
1 3265 326402
1 3267 326606
1 3269 326900
1 3272 327138
1 3272 327199
1 3273 327244
1 3273 327258
1 3274 327355
1 3276 327514
1 3277 327650
1 3134 116121
1 3134 116195
1 3135 116204
1 3135 116214
1 3135 116275
1 3136 116377
1 3137 116434
1 3139 116666
1 3141 116802
1 3142 116916
1 3142 116931
1 3143 117001
1 3143 117028
1 3144 117161
1 3150 117706
1 3150 117742
1 3152 117964
1 3152 117978
1 3153 118074
1 3154 118140
1 3155 118285
1 3157 118441
1 3157 118463
1 3158 118524
1 3158 118547
1 3158 118592
1 6 518
1 7 623
1 9 820
1 10 968
1 10 972
1 12 1127
1 12 1181
1 13 1252
1 15 1445
1 16 1526
1 16 1588
1 17 1668
1 17 1677
1 18 1771
1 19 1880
1 19 1874
1 20 1923
1 21 2012
1 23 2201
1 24 2397
1 25 2403
1 26 2538
1 88 8726
1 88 8764
1 88 8786
1 89 8824
1 89 8895
1 90 8924
1 91 9037
1 91 9076
1 92 9145
1 94 9367
1 97 9621
1 97 9635
1 98 9704
1 98 9758
1 99 9864
1 101 10072
1 102 10152
1 103 10232
1 104 10315
1 105 10415
1 107 10694
1 108 10789
1 110 10944
1 110 10987
1 112 11153
1 113 11222
1 113 11227
1 114 11339
1 115 11462
1 116 11567
1 146 14501
1 148 14773
1 149 14864
1 152 15123
1 152 15165
1 154 15373
1 155 15430
1 155 15440
1 155 15475
1 159 15804
1 159 15873
1 161 16044
1 163 16242
1 165 16411
1 165 16490
1 166 16503
1 166 16529
1 166 16546
1 167 16669
1 171 17075
1 172 17154
1 172 17189
1 173 17213
1 173 17253
1 174 17315
1 378 37751
1 380 37948
1 382 38160
1 384 38345
1 386 38520
1 386 38524
1 388 38737
1 390 38998
1 391 39072
1 392 39151
1 392 39178
1 393 39208
1 394 39373
1 400 39949
1 400 39959
1 403 40248
1 404 40308
1 404 40336
1 405 40456
1 406 40506
1 406 40534
1 406 40581
1 465 46456
1 465 46495
1 466 46550
1 467 46654
1 467 46679
1 468 46712
1 470 46935
1 471 47051
1 475 47461
1 476 47589
1 478 47760
1 481 48059
1 482 48129
1 482 48158
1 482 48154
1 482 48165
1 483 48268
1 484 48348
1 485 48443
1 487 48604
1 487 48609
1 489 48883
1 489 48894
1 490 48940
1 493 49206
1 493 49293
1 581 58031
1 584 58358
1 585 58415
1 587 58640
1 587 58641
1 588 58734
1 589 58816
1 590 58965
1 591 59030
1 592 59117
1 593 59279
1 595 59453
1 595 59451
1 597 59620
1 597 59638
1 598 59754
1 598 59770
1 598 59778
1 599 59873
1 600 59940
1 602 60147
1 605 60403
1 606 60530
1 607 60699
1 608 60738
1 608 60742
1 639 63826
1 639 63862
1 640 63903
1 640 63934
1 641 64038
1 642 64115
1 642 64189
1 642 64200
1 645 64410
1 645 64426
1 646 64523
1 646 64581
1 648 64799
1 649 64857
1 653 65245
1 653 65262
1 654 65314
1 654 65383
1 655 65433
1 655 65453
1 655 65472
1 656 65525
1 656 65580
1 656 65585
1 657 65658
1 660 65994
1 662 66113
1 666 66570
1 667 66603
1 667 66681
1 697 69647
1 699 69813
1 699 69835
1 699 69865
1 700 69996
1 701 70071
1 701 70080
1 701 70100
1 705 70469
1 706 70595
1 707 70671
1 708 70721
1 709 70893
1 711 71022
1 712 71179
1 713 71270
1 714 71367
1 716 71555
1 717 71654
1 720 71959
1 721 72026
1 721 72070
1 722 72174
1 725 72422
1 725 72470
1 1425 142484
1 1426 142504
1 1426 142521
1 1426 142541
1 1426 142551
1 1427 142686
1 1429 142802
1 1429 142834
1 1429 142895
1 1430 142922
1 1433 143234
1 1434 143332
1 1434 143353
1 1435 143466
1 1437 143622
1 1437 143611
1 1438 143783
1 1439 143842
1 1440 143936
1 1440 143940
1 1441 144081
1 1443 144238
1 1444 144360
1 1444 144378
1 1446 144579
1 1447 144639
1 1447 144654
1 1450 144931
1 1567 156697
1 1570 156906
1 1570 156922
1 1570 156932
1 1571 157011
1 1572 157163
1 1573 157240
1 1574 157301
1 1575 157498
1 1576 157532
1 1576 157551
1 1576 157598
1 1579 157878
1 1580 157961
1 1581 158004
1 1581 158077
1 1582 158120
1 1583 158245
1 1584 158329
1 1584 158379
1 1585 158462
1 1585 158494
1 1586 158514
1 1586 158590
1 1588 158740
1 1588 158746
1 1588 158750
1 1589 158839
1 1592 159108
1 1592 159138
1 1595 159401
1 1712 171167
1 1713 171223
1 1713 171244
1 1713 171255
1 1714 171350
1 1715 171450
1 1717 171609
1 1719 171895
1 1720 171911
1 1723 172278
1 1724 172327
1 1724 172357
1 1726 172591
1 1728 172775
1 1729 172893
1 1732 173124
1 1732 173138
1 1734 173313
1 1734 173304
1 1734 173330
1 1736 173521
1 1736 173557
1 1738 173723
1 1738 173755
1 1739 173822
1 1740 173988
1 2205 220416
1 2205 220468
1 2205 220493
1 2206 220505
1 2207 220697
1 2209 220820
1 2209 220852
1 2211 221095
1 2214 221365
1 2217 221699
1 2218 221773
1 2219 221867
1 2220 221979
1 2224 222310
1 2229 222851
1 2230 222914
1 2231 223040
1 2231 223020
1 2321 232014
1 2321 232055
1 2321 232084
1 2322 232132
1 2322 232145
1 2325 232448
1 2325 232441
1 2327 232648
1 2329 232804
1 2330 232948
1 2330 232980
1 2332 233176
1 2332 233192
1 2334 233305
1 2334 233391
1 2335 233447
1 2336 233533
1 2336 233532
1 2338 233753
1 2341 234093
1 2342 234127
1 2344 234362
1 2346 234562
1 2349 234803
1 2349 234836
1 2379 237869
1 2384 238312
1 2384 238356
1 2385 238433
1 2385 238449
1 2387 238695
1 2388 238747
1 2388 238799
1 2389 238815
1 2391 239071
1 2391 239099
1 2392 239156
1 2394 239389
1 2395 239465
1 2398 239719
1 2398 239745
1 2399 239900
1 2400 239973
1 2402 240113
1 2402 240116
1 2402 240174
1 2404 240345
1 2405 240417
1 2406 240552
1 2406 240559
1 2407 240684
1 2582 258141
1 2583 258202
1 2583 258230
1 2583 258223
1 2583 258247
1 2585 258434
1 2585 258448
1 2585 258496
1 2586 258520
1 2590 258985
1 2591 259039
1 2596 259505
1 2597 259601
1 2598 259774
1 2598 259784
1 2600 259931
1 2600 259978
1 2603 260299
1 2605 260470
1 2609 260804
1 2609 260874
1 2610 260947
1 2610 260992
1 2901 290026
1 2901 290061
1 2903 290219
1 2903 290273
1 2903 290284
1 2904 290388
1 2905 290481
1 2907 290622
1 2908 290722
1 2908 290765
1 2909 290826
1 2909 290857
1 2910 290938
1 2910 290958
1 2910 290986
1 2912 291133
1 2913 291237
1 2913 291263
1 2913 291257
1 2914 291340
1 2917 291669
1 2918 291787
1 2919 291814
1 2919 291849
1 2921 292078
1 2921 292090
1 2922 292129
1 2923 292209
1 2923 292259
1 2923 292264
1 2925 292407
1 2925 292427
1 2925 292437
1 2925 292435
1 2926 292507
1 2928 292728
1 2928 292718
1 2928 292775
1 2928 292798
1 2929 292804
1 3080 307989
1 3081 308097
1 3082 308169
1 3083 308244
1 3083 308281
1 3083 308300
1 3084 308379
1 3085 308434
1 3086 308557
1 3087 308651
1 3087 308692
1 3088 308791
1 3088 308795
1 3089 308835
1 3090 308964
1 3090 308988
1 3091 309070
1 3093 309269
1 3097 309696
1 3099 309803
1 3099 309873
1 3100 309989
1 4061 406028
1 4062 406156
1 4063 406246
1 4067 406661
1 4072 407191
1 4076 407544
1 4076 407529
1 4076 407562
1 4077 407624
1 4078 407723
1 4084 408309
1 4085 408435
1 4087 408608
1 4121 412031
1 4121 412071
1 4122 412135
1 4122 412121
1 4123 412215
1 4123 412250
1 4125 412412
1 4125 412479
1 4129 412813
1 4130 412967
1 4130 412978
1 4133 413205
1 4133 413219
1 4134 413319
1 4135 413499
1 4136 413531
1 4137 413685
1 4139 413890
1 4139 413879
1 4141 414021
1 4141 414050
1 4141 414030
1 4141 414099
1 4143 414275
1 4143 414296
1 4147 414681
1 4757 475635
1 4759 475842
1 4760 475950
1 4760 475991
1 4762 476185
1 4763 476216
1 4765 476486
1 4766 476545
1 4767 476670
1 4769 476898
1 4770 476916
1 4770 476933
1 4771 477001
1 4771 477053
1 4772 477105
1 4773 477282
1 4774 477348
1 4774 477369
1 4775 477461
1 4776 477507
1 4776 477560
1 4778 477795
1 4779 477843
1 4779 477892
1 4781 478017
1 4783 478254
1 4785 478463
1 118 5947
1 120 6112
1 120 6173
1 123 6405
1 125 6648
1 125 6679
1 126 6744
1 129 7014
1 130 7135
1 130 7195
1 131 7264
1 134 7541
1 134 7585
1 138 7907
1 139 8027
1 139 8099
1 139 8079
1 141 8271
1 142 8359
1 145 8627
1 145 8649
1 553 32073
1 554 32118
1 555 32248
1 557 32446
1 561 32836
1 562 32929
1 562 32997
1 563 33085
1 565 33251
1 565 33284
1 566 33313
1 567 33415
1 567 33411
1 567 33437
1 568 33561
1 569 33625
1 569 33672
1 570 33740
1 571 33878
1 571 33888
1 572 33986
1 574 34178
1 576 34307
1 576 34314
1 578 34597
1 579 34685
1 580 34774
1 813 49378
1 819 49971
1 819 49959
1 827 50799
1 829 50959
1 836 51657
1 836 51676
1 836 51677
1 837 51702
1 837 51780
1 1741 101522
1 1742 101655
1 1743 101796
1 1745 101909
1 1745 101962
1 1746 102075
1 1747 102121
1 1747 102127
1 1747 102171
1 1747 102179
1 1748 102212
1 1748 102286
1 1749 102327
1 1749 102358
1 1750 102410
1 1750 102484
1 1751 102511
1 1751 102544
1 1751 102547
1 1752 102605
1 1754 102816
1 1754 102845
1 1755 102935
1 1755 102922
1 1755 102992
1 1756 103078
1 1756 103084
1 1757 103181
1 1760 103495
1 1761 103574
1 1764 103900
1 1765 103955
1 1766 104005
1 1767 104172
1 1769 104309
1 1769 104375
1 1857 104458
1 1859 104639
1 1860 104754
1 1864 105114
1 1864 105116
1 1865 105240
1 1865 105281
1 1866 105359
1 1869 105615
1 1869 105692
1 1870 105705
1 1870 105792
1 1871 105833
1 1872 105964
1 1873 106010
1 1873 106088
1 1874 106122
1 1875 106219
1 1876 106352
1 1876 106368
1 1877 106479
1 1877 106482
1 1877 106488
1 1879 106630
1 1880 106709
1 1883 107027
1 1884 107137
1 1885 107217
1 1885 107298
1 59 5806
1 61 6011
1 61 6034
1 62 6116
1 62 6123
1 64 6373
1 65 6402
1 69 6856
1 72 7169
1 73 7209
1 75 7410
1 76 7541
1 76 7561
1 76 7552
1 76 7589
1 77 7662
1 79 7843
1 79 7884
1 80 7931
1 80 7959
1 80 7992
1 81 8079
1 82 8108
1 84 8315
1 84 8374
1 86 8539
1 86 8542
1 87 8615
1 2408 240709
1 2408 240759
1 2409 240810
1 2409 240819
1 2409 240878
1 2410 240916
1 2411 241066
1 2411 241092
1 2417 241674
1 2419 241817
1 2420 241936
1 2420 241940
1 2420 241975
1 2420 241994
1 2421 242005
1 2421 242020
1 2421 242038
1 2425 242465
1 2427 242612
1 2429 242823
1 2429 242865
1 2431 243045
1 2432 243184
1 2433 243208
1 2433 243214
1 2434 243309
1 2435 243453
1 2435 243485
1 1597 159608
1 1597 159658
1 1598 159788
1 1598 159793
1 1600 159905
1 1600 159933
1 1600 159991
1 1601 160001
1 1601 160033
1 1601 160028
1 1601 160055
1 1601 160069
1 1602 160136
1 1605 160412
1 1605 160430
1 1605 160454
1 1606 160525
1 1607 160625
1 1608 160786
1 1608 160798
1 1609 160808
1 1610 160976
1 1613 161258
1 1616 161548
1 1617 161620
1 1618 161713
1 1618 161734
1 1619 161802
1 1619 161867
1 1620 161919
1 1621 162012
1 1621 162067
1 1622 162133
1 1623 162217
1 1623 162274
1 1624 162316
1 1624 162360
1 2292 229108
1 2293 229253
1 2295 229430
1 2295 229473
1 2298 229785
1 2298 229792
1 2298 229787
1 2299 229804
1 2301 230077
1 2302 230126
1 2304 230338
1 2306 230514
1 2308 230766
1 2310 230938
1 2313 231232
1 2314 231332
1 2316 231535
1 2317 231627
1 2317 231645
1 2318 231721
1 2319 231872
1 2320 231976
1 4990 498998
1 4994 499329
1 4994 499342
1 4994 499368
1 4995 499435
1 4996 499533
1 4997 499603
1 4997 499636
1 4999 499869
1 726 40606
1 732 41207
1 735 41576
1 735 41589
1 736 41656
1 736 41681
1 737 41770
1 739 41939
1 739 41968
1 741 42105
1 741 42154
1 741 42164
1 741 42194
1 745 42566
1 745 42581
1 745 42592
1 747 42764
1 750 43008
1 751 43187
1 752 43244
1 753 43377
1 753 43392
1 2235 110375
1 2236 110489
1 2237 110556
1 2238 110603
1 2239 110791
1 2240 110802
1 2240 110817
1 2240 110838
1 2240 110891
1 2241 110942
1 2243 111140
1 2244 111259
1 2246 111427
1 2246 111446
1 2247 111540
1 2248 111650
1 2248 111673
1 2250 111820
1 2250 111827
1 2251 111970
1 2252 112084
1 2257 112573
1 2258 112655
1 2261 112980
1 2262 113088
1 1134 78534
1 1136 78751
1 1138 78984
1 1140 79172
1 1140 79200
1 1142 79389
1 1145 79609
1 1145 79692
1 1145 79675
1 1146 79736
1 1148 79922
1 1151 80216
1 1152 80391
1 1154 80575
1 1156 80770
1 1157 80883
1 1158 80922
1 1159 81051
1 1364 87091
1 1364 87085
1 1365 87157
1 1365 87174
1 1370 87629
1 1370 87662
1 1371 87746
1 1372 87856
1 1374 88060
1 1378 88452
1 1378 88469
1 1379 88577
1 1382 88851
1 1382 88880
1 1385 89151
1 1386 89217
1 1386 89246
1 1388 89461
1 1388 89467
1 1392 89829
1 1392 89817
1 1392 89868
1 2119 107485
1 2124 107934
1 2125 108010
1 2125 108024
1 2125 108050
1 2126 108116
1 2127 108238
1 2128 108389
1 2129 108430
1 2129 108493
1 2132 108754
1 2134 108948
1 2136 109124
1 2137 109237
1 2141 109605
1 2141 109660
1 2142 109763
1 2143 109843
1 2143 109846
1 2145 110019
1 2146 110150
1 843 52386
1 844 52482
1 845 52501
1 845 52552
1 846 52612
1 847 52703
1 849 52938
1 849 52971
1 853 53347
1 853 53360
1 854 53474
1 855 53600
1 856 53602
1 856 53607
1 857 53713
1 859 53961
1 860 54090
1 861 54186
1 862 54281
1 863 54345
1 864 54415
1 864 54431
1 864 54463
1 865 54572
1 866 54640
1 867 54704
1 867 54763
1 867 54790
1 869 54941
1 870 55052
1 872 55227
1 874 55434
1 874 55441
1 875 55522
1 875 55535
1 875 55584
1 876 55688
1 877 55760
1 878 55816
1 881 56129
1 883 56356
1 884 56457
1 885 56583
1 886 56608
1 886 56612
1 886 56635
1 888 56868
1 890 57029
1 892 57209
1 895 57526
1 895 57546
1 897 57735
1 899 57966
1 899 57987
1 900 58060
1 900 58069
1 901 58112
1 903 58333
1 904 58461
1 905 58516
1 907 58770
1 907 58797
1 908 58820
1 909 58934
1 909 58954
1 909 58978
1 913 59383
1 914 59487
1 917 59751
1 918 59884
1 920 60097
1 921 60152
1 921 60168
1 922 60277
1 925 60514
1 925 60541
1 925 60524
1 927 60800
1 928 60866
1 1103 75442
1 1104 75579
1 1106 75775
1 1107 75828
1 1107 75829
1 1112 76352
1 1113 76447
1 1114 76535
1 1116 76746
1 1117 76816
1 1117 76811
1 1118 76951
1 1118 76998
1 1120 77125
1 1120 77141
1 1122 77365
1 1125 77609
1 1126 77790
1 1127 77870
1 1128 77981
1 1129 78008
1 1129 78087
1 1130 78193
1 1131 78246
1 1509 95731
1 1509 95749
1 1509 95760
1 1510 95823
1 1510 95873
1 1510 95869
1 1521 96929
1 1521 96939
1 1521 96975
1 1522 97051
1 1525 97341
1 1526 97428
1 1528 97629
1 1528 97671
1 1528 97694
1 1529 97765
1 1529 97793
1 1530 97804
1 1530 97809
1 1532 98077
1 1534 98226
1 1534 98270
1 1535 98336
1 1535 98351
1 1536 98495
1 1537 98507
1 2177 217658
1 2180 217936
1 2180 217970
1 2182 218109
1 2183 218267
1 2184 218308
1 2185 218418
1 2185 218421
1 2186 218566
1 2187 218651
1 2187 218698
1 2188 218721
1 2188 218733
1 2195 219413
1 2195 219452
1 2196 219579
1 2198 219759
1 2198 219763
1 2199 219854
1 2201 220038
1 2201 220051
1 2201 220085
1 2201 220083
1 2201 220090
1 2202 220103
1 2202 220162
1 2203 220294
1 2669 266861
1 2669 266888
1 2670 266988
1 2671 267012
1 2672 267111
1 2672 267116
1 2673 267208
1 2674 267310
1 2674 267314
1 2676 267528
1 2676 267544
1 2677 267623
1 2677 267690
1 2677 267694
1 2680 267950
1 2680 267963
1 2683 268206
1 2683 268285
1 2684 268328
1 2685 268426
1 2687 268679
1 2688 268733
1 2689 268873
1 2690 268924
1 2691 269063
1 2692 269198
1 2695 269404
1 2695 269456
1 2696 269558
1 2697 269637
1 2697 269655
1 2697 269664
1 3394 339341
1 3394 339322
1 3398 339797
1 3400 339939
1 3402 340108
1 3402 340175
1 3403 340271
1 3405 340494
1 3407 340681
1 3408 340726
1 3409 340826
1 3413 341237
1 3413 341293
1 3414 341355
1 3415 341436
1 3416 341508
1 3417 341601
1 3419 341848
1 3420 341916
1 3420 341941
1 3421 342092
1 3597 359610
1 3605 360414
1 3605 360461
1 3606 360560
1 3608 360769
1 3609 360869
1 3610 360937
1 3611 361006
1 3612 361132
1 3612 361131
1 3613 361223
1 3613 361221
1 3613 361239
1 3613 361283
1 3616 361542
1 3616 361582
1 3617 361629
1 3617 361665
1 3617 361662
1 3617 361666
1 3618 361727
1 3619 361878
1 3623 362242
1 3623 362268
1 3624 362313
1 3624 362334
1 3625 362475
1 3626 362547
1 3626 362586
1 3627 362631
1 3629 362817
1 3630 362971
1 3630 362985
1 3631 363025
1 3631 363065
1 3634 363345
1 3635 363485
1 3636 363562
1 3636 363596
1 3637 363621
1 3638 363797
1 3639 363863
1 3640 363966
1 3640 363975
1 3640 363997
1 3640 363998
1 3642 364116
1 3642 364158
1 3643 364280
1 3643 364297
1 3644 364326
1 3644 364324
1 3646 364563
1 3649 364817
1 3650 364931
1 3650 364966
1 3653 365239
1 2785 278450
1 2787 278626
1 2787 278677
1 2789 278869
1 2790 278969
1 2791 279090
1 2794 279346
1 2795 279450
1 2797 279646
1 2797 279674
1 2802 280143
1 2803 280288
1 2806 280590
1 2807 280624
1 2807 280679
1 2808 280703
1 2808 280705
1 2809 280853
1 2809 280885
1 2813 281219
1 2813 281278
1 2813 281270
1 3887 388690
1 3888 388778
1 3889 388885
1 3889 388870
1 3890 388958
1 3890 388972
1 3890 388998
1 3891 389069
1 3893 389203
1 3893 389227
1 3894 389312
1 3896 389595
1 3898 389701
1 3899 389869
1 3899 389896
1 3901 390011
1 3902 390173
1 3903 390231
1 3903 390239
1 3903 390276
1 3905 390407
1 3905 390483
1 3907 390626
1 3908 390752
1 3910 390997
1 3912 391116
1 3912 391126
1 3912 391171
1 3914 391396
1 4005 400459
1 4005 400498
1 4006 400569
1 4007 400613
1 4008 400780
1 4010 400918
1 4010 400915
1 4010 400935
1 4010 400998
1 4011 401008
1 4012 401165
1 4012 401173
1 4012 401182
1 4013 401228
1 4013 401233
1 4015 401401
1 4016 401524
1 4016 401577
1 4016 401572
1 4017 401648
1 4020 401946
1 4021 402077
1 4021 402089
1 4021 402084
1 4022 402196
1 4023 402251
1 4025 402402
1 4025 402418
1 4025 402445
1 4029 402810
1 4030 402938
1 4030 402985
1 4031 403028
1 4322 432114
1 4323 432229
1 4324 432323
1 4324 432343
1 4324 432352
1 4324 432398
1 4325 432463
1 4325 432476
1 4327 432626
1 4328 432747
1 4328 432744
1 4329 432836
1 4329 432895
1 4330 432916
1 4330 432996
1 4332 433109
1 4333 433205
1 4334 433348
1 4339 433827
1 4343 434225
1 4346 434508
1 4346 434542
1 4349 434818
1 4350 434918
1 4350 434939
1 4844 484311
1 4845 484412
1 4848 484799
1 4851 485100
1 4852 485188
1 4853 485262
1 4853 485285
1 4854 485315
1 4854 485342
1 4854 485359
1 4855 485459
1 4856 485528
1 4857 485664
1 4857 485690
1 4858 485757
1 4860 485962
1 4860 485966
1 4865 486460
1 4867 486601
1 4867 486644
1 4868 486730
1 4870 486995
1 4871 487094
1 349 23227
1 349 23289
1 350 23361
1 351 23421
1 351 23439
1 353 23636
1 353 23675
1 354 23785
1 356 23987
1 357 24049
1 357 24063
1 360 24375
1 360 24393
1 363 24625
1 365 24847
1 366 24974
1 372 25596
1 373 25695
1 374 25798
1 374 25799
1 375 25816
1 376 25960
1 377 26016
1 377 26029
1 1480 92892
1 1481 92918
1 1481 92963
1 1481 92962
1 1483 93108
1 1483 93200
1 1484 93229
1 1486 93472
1 1487 93511
1 1487 93513
1 1489 93721
1 1491 93986
1 1492 94013
1 1492 94027
1 1492 94097
1 1493 94129
1 1493 94172
1 1494 94243
1 1495 94307
1 1496 94477
1 1497 94546
1 1499 94709
1 1500 94844
1 1500 94870
1 1502 95002
1 1503 95125
1 1503 95196
1 1504 95230
1 1504 95257
1 1505 95397
1 1506 95453
1 1507 95526
1 1507 95557
1 1393 139250
1 1393 139273
1 1395 139417
1 1395 139463
1 1396 139533
1 1398 139737
1 1398 139764
1 1401 140091
1 1403 140284
1 1405 140449
1 1405 140496
1 1406 140593
1 1407 140646
1 1408 140767
1 1409 140817
1 1410 140970
1 1411 141042
1 1412 141149
1 1415 141498
1 1416 141591
1 1417 141694
1 1420 141911
1 1799 179825
1 1801 180073
1 1803 180216
1 1804 180309
1 1804 180328
1 1804 180341
1 1804 180334
1 1805 180421
1 1805 180461
1 1806 180571
1 1808 180707
1 1809 180802
1 1809 180850
1 1810 180938
1 1810 180926
1 1810 180993
1 1813 181215
1 1814 181367
1 1815 181438
1 1815 181477
1 1816 181513
1 1816 181576
1 1816 181598
1 1817 181619
1 1817 181632
1 1817 181673
1 1817 181669
1 1818 181751
1 1819 181892
1 1820 181906
1 1822 182126
1 1823 182210
1 1824 182308
1 1826 182557
1 2031 203084
1 2031 203085
1 2032 203182
1 2034 203309
1 2034 203320
1 2034 203310
1 2034 203314
1 2034 203328
1 2034 203398
1 2036 203583
1 2037 203653
1 2038 203771
1 2039 203829
1 2039 203900
1 2040 203959
1 2043 204236
1 2043 204255
1 2044 204389
1 2047 204633
1 2047 204674
1 2047 204675
1 2049 204819
1 2049 204817
1 2049 204833
1 2050 204927
1 2052 205122
1 2054 205397
1 2055 205478
1 2056 205575
1 2056 205600
1 2057 205660
1 2057 205683
1 2091 209060
1 2091 209067
1 2094 209313
1 2099 209897
1 2100 209938
1 2101 210099
1 2102 210136
1 2102 210152
1 2102 210180
1 2103 210263
1 2104 210366
1 2107 210700
1 2109 210851
1 2110 210976
1 2111 211040
1 2111 211060
1 2111 211056
1 2112 211129
1 2112 211160
1 2112 211192
1 2117 211658
1 2351 235012
1 2351 235025
1 2352 235101
1 2352 235128
1 2353 235300
1 2354 235312
1 2357 235622
1 2357 235603
1 2358 235769
1 2360 235923
1 2360 235947
1 2362 236179
1 2365 236437
1 2366 236567
1 2370 236937
1 2371 237040
1 2373 237251
1 2374 237314
1 2374 237303
1 2374 237398
1 2376 237525
1 2376 237566
1 2376 237585
1 2377 237665
1 2378 237748
1 2378 237747
1 2439 243820
1 2439 243826
1 2440 243932
1 2440 243973
1 2441 244065
1 2442 244194
1 2443 244234
1 2443 244292
1 2446 244543
1 2446 244556
1 2447 244659
1 2447 244685
1 2448 244723
1 2451 245013
1 2453 245239
1 2453 245281
1 2459 245860
1 2460 245921
1 2465 246443
1 2640 263913
1 2642 264109
1 2642 264133
1 2642 264143
1 2643 264273
1 2646 264517
1 2646 264580
1 2649 264810
1 2649 264878
1 2650 264956
1 2650 264978
1 2650 264977
1 2652 265120
1 2654 265379
1 2655 265409
1 2655 265441
1 2656 265544
1 2656 265560
1 2656 265580
1 2658 265713
1 2659 265891
1 2661 266041
1 2662 266111
1 2662 266194
1 2663 266282
1 2665 266403
1 2665 266498
1 2666 266560
1 2667 266643
1 2698 269733
1 2698 269748
1 2698 269757
1 2698 269784
1 2705 270418
1 2705 270446
1 2706 270502
1 2708 270750
1 2708 270769
1 2709 270877
1 2712 271130
1 2712 271146
1 2714 271395
1 2715 271459
1 2715 271499
1 2716 271561
1 2717 271628
1 2718 271765
1 2720 271924
1 2720 271985
1 2721 272055
1 2721 272083
1 2721 272080
1 2722 272113
1 2723 272216
1 2723 272225
1 2723 272290
1 2724 272309
1 2725 272438
1 2727 272608
1 2729 272838
1 2729 272864
1 2730 272949
1 2731 273035
1 2731 273045
1 2733 273259
1 2735 273454
1 2735 273482
1 2736 273505
1 2736 273583
1 2738 273776
1 2738 273766
1 2741 274013
1 2741 274066
1 2742 274132
1 2742 274183
1 2743 274203
1 2743 274250
1 2744 274375
1 2747 274680
1 2748 274724
1 2750 274940
1 2752 275126
1 2754 275305
1 2754 275354
1 2754 275383
1 2755 275474
1 3046 304517
1 3046 304529
1 3046 304575
1 3048 304701
1 3048 304724
1 3049 304808
1 3049 304883
1 3050 304989
1 3051 305064
1 3051 305060
1 3052 305149
1 3053 305294
1 3054 305323
1 3055 305418
1 3055 305417
1 3055 305444
1 3055 305483
1 3056 305529
1 3057 305609
1 3057 305617
1 3057 305622
1 3058 305792
1 3059 305849
1 3059 305900
1 3060 305903
1 3060 305988
1 3061 306003
1 3061 306097
1 3063 306204
1 3065 306482
1 3069 306831
1 3069 306861
1 3069 306888
1 3070 306922
1 3072 307143
1 3074 307310
1 3074 307369
1 3164 316308
1 3168 316778
1 3170 316902
1 3171 317045
1 3172 317143
1 3173 317210
1 3173 317259
1 3175 317441
1 3176 317534
1 3177 317670
1 3177 317673
1 3178 317729
1 3178 317779
1 3181 318016
1 3182 318164
1 3184 318366
1 3185 318467
1 3186 318536
1 3187 318601
1 3187 318695
1 3190 318916
1 3190 318948
1 3220 321938
1 3220 321989
1 3221 322067
1 3223 322280
1 3224 322344
1 3225 322401
1 3225 322471
1 3228 322765
1 3228 322781
1 3229 322805
1 3229 322865
1 3229 322875
1 3230 322971
1 3231 323022
1 3233 323255
1 3233 323272
1 3235 323473
1 3237 323637
1 3237 323696
1 3240 323932
1 3240 323979
1 3240 323997
1 3241 324097
1 3243 324214
1 3246 324550
1 3247 324668
1 3365 336454
1 3366 336522
1 3366 336562
1 3367 336611
1 3368 336770
1 3369 336821
1 3369 336843
1 3369 336878
1 3369 336888
1 3370 336916
1 3370 336987
1 3371 337047
1 3372 337120
1 3372 337137
1 3373 337220
1 3375 337423
1 3377 337601
1 3378 337720
1 3380 337908
1 3380 337963
1 3381 338011
1 3381 338031
1 3382 338183
1 3383 338235
1 3383 338273
1 3385 338405
1 3387 338621
1 3387 338680
1 3390 338927
1 3391 339013
1 3392 339153
1 3393 339244
1 3568 356711
1 3568 356750
1 3569 356818
1 3569 356875
1 3571 357021
1 3575 357469
1 3576 357550
1 3576 357545
1 3576 357562
1 3576 357582
1 3577 357678
1 3578 357728
1 3579 357865
1 3580 357936
1 3581 358087
1 3582 358142
1 3582 358189
1 3582 358187
1 3583 358283
1 3584 358306
1 3584 358380
1 3585 358461
1 3586 358558
1 3586 358586
1 3587 358664
1 3587 358688
1 3589 358802
1 3591 359019
1 3592 359136
1 3593 359211
1 3594 359383
1 3594 359379
1 3595 359401
1 3595 359468
1 3596 359518
1 3596 359538
1 3656 365575
1 3657 365614
1 3658 365764
1 3666 366525
1 3666 366548
1 3667 366667
1 3671 367025
1 3672 367112
1 3672 367196
1 3673 367229
1 3673 367237
1 3673 367290
1 3673 367300
1 3674 367316
1 3674 367392
1 3677 367649
1 3680 367903
1 3682 368125
1 3683 368239
1 3685 368497
1 3686 368567
1 3686 368593
1 3689 368844
1 3690 368967
1 3694 369324
1 3694 369304
1 3694 369341
1 3697 369618
1 3698 369705
1 3699 369824
1 3699 369878
1 3699 369875
1 3700 369905
1 3700 369981
1 3701 370066
1 3702 370115
1 3704 370399
1 3705 370446
1 3705 370484
1 3706 370544
1 3706 370589
1 3706 370579
1 3709 370890
1 3710 370974
1 3710 370991
1 3711 371072
1 3771 377067
1 3772 377124
1 3773 377296
1 3774 377308
1 3774 377374
1 3776 377559
1 3777 377612
1 3779 377828
1 3781 378058
1 3782 378162
1 3782 378189
1 3783 378266
1 3784 378384
1 3787 378628
1 3788 378733
1 3789 378825
1 3790 378980
1 3791 379045
1 3791 379078
1 3793 379259
1 3794 379380
1 3795 379422
1 3795 379455
1 3796 379501
1 3796 379572
1 3798 379772
1 3799 379852
1 3917 391648
1 3918 391800
1 3919 391874
1 3921 392097
1 3922 392163
1 3924 392311
1 3924 392369
1 3924 392396
1 3924 392397
1 3925 392428
1 3926 392544
1 3928 392729
1 3928 392792
1 3932 393157
1 3932 393177
1 3933 393283
1 3933 393291
1 3935 393422
1 3935 393487
1 3937 393643
1 3938 393735
1 3939 393808
1 3939 393840
1 3939 393894
1 3940 393912
1 3940 393936
1 3940 393970
1 3940 393995
1 3941 394041
1 3941 394082
1 3942 394142
1 3943 394211
1 4264 426321
1 4266 426520
1 4266 426544
1 4266 426590
1 4267 426617
1 4271 427085
1 4271 427082
1 4273 427231
1 4274 427351
1 4275 427425
1 4275 427451
1 4276 427599
1 4277 427653
1 4277 427673
1 4277 427688
1 4278 427800
1 4279 427859
1 4283 428270
1 4285 428498
1 4286 428581
1 4288 428799
1 4289 428808
1 4289 428871
1 4290 428905
1 4290 428997
1 4291 429043
1 4352 435142
1 4355 435425
1 4355 435443
1 4355 435476
1 4355 435485
1 4356 435513
1 4358 435762
1 4358 435766
1 4358 435792
1 4359 435809
1 4360 435919
1 4361 436047
1 4362 436110
1 4362 436118
1 4363 436223
1 4363 436241
1 4363 436289
1 4365 436442
1 4365 436456
1 4366 436560
1 4367 436696
1 4369 436812
1 4369 436821
1 4369 436871
1 4370 436989
1 4370 437000
1 4372 437104
1 4372 437129
1 4374 437340
1 4378 437767
1 4378 437793
1 4379 437825
1 1045 72540
1 1046 72609
1 1046 72675
1 1047 72793
1 1049 72931
1 1049 72975
1 1051 73133
1 1052 73273
1 1053 73385
1 1054 73449
1 1055 73505
1 1055 73502
1 1056 73629
1 1056 73642
1 1056 73671
1 1057 73788
1 1057 73794
1 1059 74000
1 1060 74048
1 1061 74123
1 1061 74155
1 1062 74205
1 1062 74217
1 1062 74247
1 1062 74260
1 1062 74249
1 1063 74329
1 1064 74448
1 1065 74571
1 1066 74615
1 1066 74657
1 1067 74730
1 1067 74765
1 1070 75043
1 1070 75052
1 1070 75093
1 1071 75169
1 1071 75189
1 1073 75310
1 1683 98628
1 1683 98619
1 1686 98979
1 1688 99151
1 1691 99464
1 1692 99569
1 1692 99588
1 1693 99693
1 1695 99830
1 1695 99866
1 1696 99955
1 1696 99966
1 1697 100004
1 1697 100089
1 1699 100211
1 1700 100302
1 1700 100371
1 1701 100464
1 1702 100531
1 1702 100586
1 1703 100674
1 1704 100703
1 1705 100897
1 1708 101165
1 1709 101203
1 1711 101433
1 1711 101484
1 1306 130591
1 1307 130682
1 1308 130759
1 1310 130981
1 1311 131094
1 1313 131220
1 1314 131331
1 1314 131361
1 1314 131394
1 1316 131549
1 1316 131593
1 1318 131704
1 1318 131710
1 1319 131822
1 1320 131999
1 1321 132020
1 1321 132032
1 1322 132177
1 1324 132385
1 1325 132481
1 1326 132598
1 1328 132734
1 1328 132740
1 1329 132806
1 1332 133112
1 1332 133186
1 1333 133255
1 1333 133268
1 1333 133281
1 1334 133307
1 1334 133341
1 1334 133362
1 1334 133370
1 1334 133376
1 1915 191446
1 1915 191480
1 1915 191497
1 1916 191558
1 1917 191618
1 1920 191903
1 1920 191909
1 1920 191945
1 1920 192000
1 1922 192164
1 1923 192231
1 1923 192291
1 1924 192301
1 1924 192354
1 1928 192738
1 1933 193271
1 1934 193328
1 1935 193444
1 1937 193622
1 1937 193653
1 1937 193670
1 1939 193887
1 1939 193900
1 1940 193905
1 1941 194056
1 1942 194130
1 1943 194212
1 669 37858
1 669 37898
1 670 37905
1 672 38115
1 674 38340
1 675 38408
1 675 38497
1 678 38728
1 678 38730
1 679 38811
1 680 38930
1 681 39041
1 681 39067
1 681 39082
1 684 39347
1 685 39460
1 689 39862
1 689 39891
1 691 40053
1 695 40426
1 696 40571
1 696 40588
1 524 29170
1 525 29231
1 526 29369
1 526 29391
1 528 29504
1 528 29566
1 529 29627
1 530 29702
1 530 29703
1 532 29980
1 534 30139
1 534 30184
1 535 30251
1 535 30271
1 538 30584
1 539 30638
1 540 30768
1 541 30830
1 541 30858
1 541 30891
1 542 30927
1 543 31053
1 543 31082
1 546 31330
1 546 31367
1 547 31437
1 547 31456
1 547 31469
1 548 31585
1 548 31596
1 549 31614
1 549 31659
1 550 31709
1 550 31767
1 551 31871
1 933 61359
1 934 61401
1 935 61527
1 936 61656
1 938 61859
1 939 61911
1 939 61963
1 940 62060
1 941 62110
1 941 62108
1 942 62242
1 942 62299
1 943 62330
1 945 62528
1 945 62597
1 946 62615
1 946 62661
1 946 62692
1 947 62713
1 947 62735
1 947 62784
1 947 62785
1 948 62825
1 948 62857
1 949 62958
1 950 63020
1 950 63064
1 951 63103
1 951 63184
1 952 63294
1 955 63505
1 956 63658
1 958 63867
1 959 63944
1 959 63980
1 959 63982
1 960 64010
1 961 64188
1 961 64187
1 962 64269
1 963 64310
1 963 64364
1 964 64417
1 967 64706
1 967 64743
1 968 64812
1 974 65433
1 974 65448
1 975 65517
1 976 65643
1 977 65797
1 978 65861
1 978 65890
1 979 65952
1 984 66408
1 985 66572
1 3423 118928
1 3424 119037
1 3424 119094
1 3426 119219
1 3426 119255
1 3427 119391
1 3428 119444
1 3428 119466
1 3429 119526
1 3429 119600
1 3430 119605
1 3433 119940
1 3435 120154
1 3438 120422
1 3439 120537
1 3439 120572
1 3439 120585
1 3441 120760
1 3443 120990
1 3446 121296
1 3448 121461
1 3449 121550
1 3451 121722
1 3451 121747
1 3191 319056
1 3194 319362
1 3194 319349
1 3195 319476
1 3195 319495
1 3196 319529
1 3197 319602
1 3198 319755
1 3198 319793
1 3198 319780
1 3202 320200
1 3203 320275
1 3203 320286
1 3204 320323
1 3206 320525
1 3207 320627
1 3209 320826
1 3209 320855
1 3214 321397
1 3215 321471
1 3216 321505
1 3216 321562
1 3218 321790
1 1770 176915
1 1770 176980
1 1770 176997
1 1772 177154
1 1773 177252
1 1776 177563
1 1776 177582
1 1778 177736
1 1779 177842
1 1779 177874
1 1780 177905
1 1780 177926
1 1780 177997
1 1781 178096
1 1783 178272
1 1784 178397
1 1786 178503
1 1786 178535
1 1788 178716
1 1788 178735
1 1789 178819
1 1789 178866
1 1792 179115
1 1796 179525
1 1796 179558
1 1797 179609
1 1798 179778
1 178 9029
1 178 9085
1 181 9363
1 181 9379
1 181 9397
1 182 9422
1 182 9480
1 184 9654
1 185 9776
1 186 9850
1 186 9873
1 186 9893
1 187 9911
1 187 9945
1 188 10097
1 190 10202
1 191 10336
1 193 10519
1 197 10922
1 198 11020
1 201 11351
1 202 11426
1 203 11508
1 203 11579
1 203 11589
1 206 11808
1 207 11930
1 207 11964
1 209 12106
1 209 12156
1 213 12538
1 215 12703
1 215 12775
1 218 13008
1 218 13082
1 219 13156
1 221 13395
1 223 13512
1 223 13518
1 223 13519
1 224 13642
1 225 13713
1 230 14249
1 232 14499
1 233 14541
1 233 14564
1 233 14577
1 234 14642
1 235 14719
1 235 14769
1 235 14785
1 238 15040
1 238 15052
1 238 15068
1 239 15102
1 240 15298
1 240 15296
1 243 15520
1 243 15572
1 243 15595
1 244 15620
1 245 15715
1 247 15964
1 248 16018
1 248 16083
1 249 16118
1 249 16123
1 250 16217
1 251 16364
1 251 16380
1 252 16435
1 253 16543
1 253 16567
1 253 16596
1 254 16677
1 255 16720
1 255 16761
1 256 16871
1 257 16952
1 258 17051
1 259 17125
1 259 17138
1 260 17259
1 610 34829
1 610 34867
1 612 35023
1 613 35108
1 613 35147
1 613 35173
1 615 35323
1 618 35602
1 620 35808
1 620 35813
1 620 35821
1 621 35945
1 621 35955
1 621 35974
1 625 36381
1 626 36470
1 626 36496
1 627 36507
1 627 36513
1 628 36634
1 628 36667
1 629 36796
1 629 36787
1 631 36949
1 631 36974
1 632 37032
1 632 37076
1 635 37303
1 637 37504
1 2756 113105
1 2758 113375
1 2759 113433
1 2759 113432
1 2759 113493
1 2760 113566
1 2760 113572
1 2761 113643
1 2761 113687
1 2763 113855
1 2763 113880
1 2767 114271
1 2767 114287
1 2769 114450
1 2771 114611
1 2771 114649
1 2773 114827
1 2776 115129
1 2776 115183
1 2779 115421
1 2780 115510
1 2782 115758
1 2784 115901
1 2784 115953
1 3860 124922
1 3861 125009
1 3861 125042
1 3862 125175
1 3864 125308
1 3865 125412
1 3865 125415
1 3866 125593
1 3867 125636
1 3867 125681
1 3868 125769
1 3869 125841
1 3869 125868
1 3870 125942
1 3870 125964
1 3870 125999
1 3872 126113
1 3872 126142
1 3873 126202
1 3873 126211
1 3874 126370
1 3874 126400
1 3875 126474
1 3877 126640
1 3878 126745
1 3879 126874
1 3881 127035
1 3883 127260
1 3884 127327
1 3884 127373
1 3885 127406
1 3886 127515
1 3886 127531
1 4873 130554
1 4873 130551
1 4874 130654
1 4874 130693
1 4875 130793
1 4876 130830
1 4877 130934
1 4877 130998
1 4881 131304
1 4881 131376
1 4882 131457
1 4883 131534
1 4883 131571
1 4884 131664
1 4884 131673
1 4886 131869
1 4886 131880
1 4887 131908
1 4888 132019
1 4889 132168
1 4890 132296
1 4892 132478
1 4893 132560
1 4895 132729
1 4895 132770
1 4895 132783
1 4896 132881
1 4896 132868
1 4897 132995
1 4900 133265
