run	lumisection	evt
297424	65	73171922
297603	402	724597337
297487	531	681749143
297219	1164	1959797910
299065	123	188234150
297430	190	361297503
297114	140	239176045
297487	190	253029483
299149	285	374982001
297599	82	127276429
297505	203	307486500
297604	269	437876677
297487	518	665958428
297656	428	709492665
297487	572	730810961
297178	693	866248061
297557	386	642751123
299061	237	322485869
297485	140	241913490
297292	415	749767062
299329	40	69613410
297433	129	201374857
299065	141	215754645
297296	312	449290467
297100	222	410280242
297487	226	300474871
297411	434	698849884
297411	671	1118749756
297675	320	548846993
297113	2	214107
297665	85	142494976
297100	129	232755404
297292	112	209037776
297674	55	89923639
297219	610	1145549737
297558	57	86200755
297558	246	404361540
297674	48	78382139
297178	1242	1424159877
297178	794	976908366
297219	638	1191541861
297292	257	468115539
297467	59	62477217
297722	179	246651461
297722	180	248658773
299061	276	390068788
299061	323	471953478
299184	330	544089556
297620	89	98328056
297484	108	209479899
297505	124	189572722
297563	234	318034564
297219	1773	2691538154
297722	78	61844374
299184	370	613007840
297604	177	292166171
297675	302	518548121
297603	310	562069433
297484	17	33720069
297484	192	365156702
297723	141	262359104
297604	143	238782348
297219	396	781651585
297411	442	711380937
297557	78	115481619
297665	103	173939424
297620	308	453044639
297411	117	157490798
297486	418	677611733
297603	229	411714648
297424	90	117405443
299481	352	417976709
300811	406	674954745
300122	272	367195053
299369	172	238270018
300122	693	966919267
300401	73	74403270
300467	371	369375989
300238	263	263318518
300157	943	936611401
300817	273	381902956
300157	1015	1000854916
300122	810	1111441685
300122	1262	1695468339
300237	543	752606328
301323	889	838607871
300400	206	311696948
301323	334	330391454
301330	254	258595294
299395	132	194324947
300226	388	535617470
300122	200	258291147
300461	48	72237107
300389	78	103648699
300400	224	338421392
300817	485	660930297
300466	214	289170844
300400	616	908307287
301323	582	569707487
299478	52	79293816
299597	53	57054535
299597	65	71489016
300785	1070	1246695113
300812	15	23107784
300400	152	229551381
300155	240	301537340
300122	819	1123711076
299481	166	198165860
300400	580	856359926
300122	1044	1427918679
300123	504	551161732
300817	303	425005225
300157	884	883285201
299380	51	22733807
300284	444	603770841
299597	391	415191427
300122	816	1118639229
299479	49	67350920
300240	321	286250202
299481	172	204786070
300234	12	18763208
300811	48	76586825
300811	382	639254110
300280	469	604075829
300280	491	637637379
300400	645	947000911
300284	532	713789678
299369	267	359213317
299370	328	415829693
300777	471	727684973
300284	513	690095791
299593	486	613641143
300284	500	673119534
300400	370	546162198
300226	228	284097220
300401	340	403178918
300817	337	472632029
300464	245	355406329
300280	266	321780563
300157	593	616757548
300122	349	476692247
300122	289	393192911
300400	270	405121299
300237	639	870854820
300280	494	642360641
300122	924	1276163521
300155	685	921857576
300157	817	822536781
300280	301	366428388
300631	186	225421967
300785	73	98883001
300576	432	650941803
301392	17	17044155
300780	113	166084172
301519	162	121802919
301524	88	81278754
300515	458	749537233
301165	55	40062201
300515	639	1021221835
301384	185	216614950
301384	282	319252733
300515	225	387153209
300785	314	413277801
300576	248	383184822
300459	177	256371500
300515	71	122440571
301987	65	51200888
301142	414	366530016
300236	102	136680024
300122	148	177156764
299597	395	419230903
300237	17	24295904
300817	167	233265668
300742	233	342415398
300497	139	183267226
300576	947	1367839401
301392	548	526346818
300777	96	123690975
300777	193	291278795
300742	91	78350378
300560	701	779229643
300560	712	789700592
300515	200	345415315
300576	297	457067246
300576	446	671500882
300466	298	394434263
302029	15	18474458
301384	473	511150546
301161	471	398983088
300240	285	255019197
301997	79	56378026
300576	856	1250616738
301985	63	68190509
301524	63	57626119
300811	98	159731880
301161	250	204407348
300515	960	1487940380
301524	196	177235136
301330	97	85925955
300636	266	366901636
300400	127	189556694
301183	88	77895593
300633	332	502511387
301985	139	150395738
300636	1266	1474615373
300558	491	685732311
300785	99	134689153
301142	285	264070849
300155	650	874544350
300777	477	736341175
300122	583	814001928
299593	259	279936560
300283	12	18242985
299594	190	239975053
300636	1559	1735665030
300742	119	130760715
301959	460	538018751
300560	554	630745256
300560	503	577363037
301997	196	199305956
300466	328	431994454
300576	726	1073876665
300517	577	670777386
301142	162	157736589
300558	46	58637480
301283	662	553544213
300558	507	705998877
301694	80	81919968
300742	245	362622270
301281	116	78497514
300576	793	1168995003
301330	330	336603945
300636	676	863637665
301283	14	10887763
300742	251	371789943
301997	239	249203320
300155	912	1235076653
301987	423	317326362
301531	4	2601267
300635	59	83272516
301997	59	29082421
301529	3	1879530
300560	530	605783538
301283	281	252081800
300558	213	302240818
301987	336	256111580
301142	363	327477706
301359	226	220027955
301986	121	109787264
300155	508	679763596
299380	210	258843413
300235	106	162088669
301323	820	781553464
300280	415	522061289
299481	776	859691737
299478	27	43351933
301567	202	195590988
301627	620	533009090
301959	144	161858922
301959	969	1019307034
301519	80	38103703
301532	64	41776243
301475	5	3492078
301567	347	340690734
301941	334	318999299
301449	284	219919899
301665	37	33636881
301475	12	8533477
301448	324	276004634
301531	17	12601590
301472	762	722454329
301960	92	54072247
301627	195	160459925
301397	387	286572953
301417	279	288756998
301998	610	556437354
301532	536	327217303
301987	951	650105163
301472	737	700170996
301449	81	63352234
301448	200	173522792
301397	380	281430565
301914	78	55135455
301476	13	10477192
301959	1269	1259038312
300226	108	100034581
300155	653	878895708
300122	802	1100993062
299593	792	1037011623
300235	144	219737558
301998	463	436079058
301998	551	509425720
301959	313	371287015
301448	46	41684821
301476	421	324327715
301448	71	62922658
301532	563	342188656
301970	121	141254303
301665	206	177196880
301627	129	87966674
301941	182	173005003
301627	353	314356929
301998	1040	887293105
301941	187	177445385
301397	711	511344787
301472	375	360065493
300466	74	102447079
300155	1096	1471764773
299595	81	96571514
300464	163	238535271
300817	122	168750542
300122	346	472427453
300464	150	219176655
300122	157	192722010
300122	171	213106871
300806	87	83195491
300812	32	50067347
300155	137	155681865
299369	190	262038135
300284	3	2055933
302448	433	514247810
302473	74	74315493
302573	181	191989947
302163	42	7179680
302263	1119	912562289
302448	1024	1113304706
302280	1	233587
302392	140	150551920
302485	657	760836979
302163	476	433374639
302225	415	369251630
302485	151	194967001
302485	396	483999126
302131	595	524899644
302472	323	405672440
302328	56	11910092
302473	238	230852174
302485	44	58493555
302393	634	680230058
302031	749	734781996
302494	458	383379515
302263	562	496480145
302163	1194	973611893
302131	789	678151854
302485	300	377462117
302572	50	55202085
302472	795	929220656
302263	143	138816891
302485	598	700960568
302350	3	1748800
302635	846	783161117
302388	310	367541475
302322	541	443044750
302322	543	444730917
302388	697	779899800
302523	30	44789676
302663	541	649828923
302388	322	380916656
302472	107	119907229
302228	238	210032054
302031	634	637426954
302597	18	16923269
302573	1225	1096148248
302597	812	681904689
302663	488	589431508
302634	256	304236539
302596	167	181023340
302573	978	906035412
302596	479	564762213
302635	713	674438481
302596	323	379236782
302525	265	342484805
302573	1207	1082455408
302525	376	472415345
302654	193	237755925
302596	508	597317829
302597	647	551326551
302573	525	527357532
302479	285	362061058
302485	86	114310415
302573	471	478308553
302572	227	260382587
302635	848	784466626
302635	961	874429046
302663	147	191614702
302573	229	240778472
302597	563	483359366
302634	361	436617552
302663	91	120879040
302635	1046	941815787
302635	1007	910860112
302651	33	47302119
302525	255	330484342
302596	263	306054044
302597	366	323174619
302573	908	851290964
302553	120	152385468
302476	156	119205758
302043	91	52237281
302479	107	107914050
302263	855	725665067
302263	941	788257091
302031	203	220340588
302229	430	402463519
302472	400	496397665
302393	97	114705790
302474	293	241066563
304508	1154	1383157669
304662	53	76949652
303885	160	172577155
304169	103	91668701
304507	113	129629320
303885	1660	2030334210
303885	1465	1857488666
304333	1375	2080466979
304062	274	397821517
303838	1466	1844472812
304169	446	697303278
303838	1718	2052053527
304333	759	1242533749
303948	232	340150602
304200	162	311055718
304169	512	805660537
304292	1706	2269711469
304292	272	556376185
304292	1391	2004289747
304144	1826	2688150152
304797	1601	2526871677
304144	1022	1752484298
304292	687	1232829654
304170	567	486085427
304333	1000	1619828919
304366	552	910826139
303832	718	875175202
304616	503	816166964
304062	1337	1807572992
304292	1662	2235914456
304292	709	1262450876
303832	202	223699418
303832	511	639822976
304144	560	970486454
304169	1607	2068069623
304169	869	1289255299
303838	977	1360054111
303832	1701	1732785407
304506	219	357143969
304447	1180	1855664873
304292	796	1375151557
304508	603	844783840
304333	567	896546690
304144	389	630270667
304144	393	639157284
304200	33	61552469
304144	2401	3168997267
304333	222	323144344
304507	222	272717233
304506	9	13708342
303838	769	1114864895
304204	234	317446279
304158	1169	1481643544
304366	1323	2058197749
304144	786	1387382094
303838	1227	1620689440
304169	187	248580273
304169	192	259687769
304508	878	1132894677
303838	1354	1744670582
304797	453	817743731
304366	775	1303067900
304797	1712	2635681024
303948	1587	2148819412
303948	1570	2132853410
303948	788	1244086592
304169	485	760924497
304144	979	1691107377
303832	751	911115375
303832	1284	1409952249
304655	559	843499890
303948	1007	1534778519
303885	1037	1424514823
304616	371	588971093
304616	613	1020774795
304671	338	536974768
304119	117	129881035
304119	117	130150719
304292	747	1314588300
304655	372	598840384
304447	838	1426186586
304366	383	627099548
304777	406	680291441
304120	182	349449092
304125	15	29097463
304671	228	354784313
304655	688	994276432
304292	586	1083658365
304663	131	222862974
304663	133	225666795
304738	157	276591423
304663	416	740010332
304200	84	162170993
304797	1288	2179247931
304797	1290	2181537018
304125	105	195837343
304144	1093	1857555438
304738	44	77773978
304125	1268	1651440824
303838	1374	1763218006
304144	2106	2936294094
304777	375	627926005
304508	628	872706678
304738	1386	2164029848
304209	270	437767305
303999	164	284644032
304506	78	135418915
304366	288	488017259
304354	131	112463381
304354	145	139013400
304625	188	231920170
304508	906	1160155854
304125	646	990500536
304738	1630	2414411796
304333	936	1528894989
304655	460	718266021
304366	127	201525896
303832	1653	1696985323
304562	458	712297454
304562	461	717548539
304654	229	365454203
304292	340	680087859
304777	372	622760810
304655	1140	1448469940
304125	953	1344024565
304655	263	440509518
304125	298	505380648
304366	272	461042727
304562	379	564695449
304447	166	286157918
304797	649	1176674016
304447	199	338701168
304169	245	359326645
304144	316	502257900
304125	1026	1419041608
304562	547	889017217
304062	122	117417944
304125	1399	1768188512
304125	448	729960830
303948	889	1384036080
304209	76	63451155
304663	124	209633465
304447	380	671881636
304366	309	518325740
304062	329	491372623
304616	556	916318870
304366	1679	2422394485
304366	59	75380050
304209	279	455813012
304125	829	1210470357
304366	319	525812050
304366	357	585366431
304144	1977	2823871759
304447	1485	2177874818
304616	350	552836653
304625	487	743217470
304654	355	572099474
303948	552	892551683
304738	29	51707130
304200	321	594636000
304209	201	303757134
304671	153	214404136
304200	128	246689202
304616	440	701959741
304209	209	317891140
304120	99	190727607
304125	1294	1674794624
304654	105	131543011
303948	295	456972721
304738	1459	2241067471
303838	456	686297215
304778	811	1251831309
304778	274	498007937
304738	338	575082154
304778	642	1046402449
304778	1222	1662626023
304333	1157	1827674259
304777	77	131433451
304738	636	1095131342
304778	657	1065354048
304778	616	1012086073
304333	1274	1967964342
304797	2898	3540631088
304292	626	1143404031
304797	1763	2683970503
304654	418	673891373
303832	261	312362411
303832	383	477327057
303885	1459	1851882388
304797	2634	3374688861
304062	112	97855533
305112	1404	2310776377
305636	837	1470267883
305112	672	1145073309
305207	565	877258766
305248	935	1608838579
305112	1241	2094745818
305059	365	503791960
305336	149	229720773
305590	968	1168620711
305081	756	1279642711
305081	756	1279779407
305188	922	1355016281
305636	1210	2177300470
305064	1586	1963471868
305188	311	528196455
305313	639	1026883920
305336	198	320617457
305112	369	595281049
305081	474	804681518
305064	795	1203430892
305045	337	582347614
305188	303	516406590
305112	1492	2416467226
305237	439	827247752
305314	24	29093821
305341	51	89992420
305341	67	118658470
305188	862	1284149746
305237	58	107655875
305237	949	1787511348
305204	560	916430529
305059	508	716314795
305081	551	934975724
305064	1035	1468620732
305183	181	303764607
305350	1	1325070
305064	1068	1503549234
305064	1006	1438536354
305064	1011	1443838570
305207	698	1094507685
305045	267	468656060
305636	567	961394913
305186	345	562791652
305336	179	285052934
305112	154	178454803
305248	396	711409405
305204	378	641456618
305636	277	441055629
305112	680	1156198799
305186	315	512021330
305247	347	581888078
305204	912	1355214172
305045	98	180374631
305183	39	67133128
305112	1132	1932812856
305081	356	588992223
305188	95	173175246
305059	554	772801574
305188	492	782747910
305204	962	1411139927
305202	224	292405189
305113	9	2352295
305059	447	624464467
305252	396	465377616
305365	280	471994364
305518	929	1518955897
305518	932	1522638249
305406	1329	2141104445
305312	52	89611452
305282	191	252005007
305312	190	341242737
305842	203	234727085
305365	362	605448508
305063	16	20913350
305204	969	1419282906
305186	218	341086941
305081	600	1027771098
305636	906	1604701939
305045	862	1337358123
305586	232	365550711
305366	406	678057019
305351	69	122872614
305248	799	1406691957
305518	6	11898932
305898	313	482023682
305351	86	155602522
305248	167	294945326
305282	168	205911719
305365	46	78605277
305248	631	1126423199
305351	578	926897309
305248	223	396516943
305351	250	445838883
305365	544	890776753
305406	1306	2113671344
305366	703	1060492195
305247	406	691692696
305351	769	1160918774
305518	588	1046493466
305237	1037	1948034324
305406	412	766214836
305237	340	655749838
305636	71	42688845
305586	461	792410282
305902	371	577853545
305377	1359	2377299702
305351	779	1172461795
305311	101	167470367
305898	292	442997986
305365	416	680525826
305252	112	139538441
305351	640	1004956794
305377	91	161563870
305202	301	425709540
305311	30	54003105
305406	567	1045660411
305517	107	195124183
305366	1070	1449122204
305406	489	906453254
305237	411	786114787
305406	592	1088653005
305366	560	884424488
305366	713	1072357230
305636	428	725420420
305589	183	352403705
305405	278	501306781
305282	79	36111638
305377	160	281379143
305313	30	55305588
305406	502	930325222
305313	600	975502532
305516	113	139511598
305516	606	988254218
305252	96	119946590
305586	422	720291490
305252	71	88212385
305377	773	1414164718
305248	292	509732728
305237	122	235371367
305364	101	111922213
305064	1082	1517842582
305045	450	759571738
305204	627	1007158508
305840	1029	1702506225
305814	1804	2901866439
305814	375	574286884
305766	487	857409005
305814	393	607643902
305862	426	686618859
305766	611	1067616743
305840	459	843455272
305821	793	1337967215
305898	240	347459840
305832	170	195236307
305862	466	759764001
305766	895	1597993096
305821	755	1270378897
305821	760	1279387088
305840	716	1273356478
305809	189	279044460
305207	199	282774310
305059	334	458376583
305898	620	1008334546
305766	556	968264520
305862	671	1108411737
305814	1207	2054488387
305814	1557	2580327376
305840	702	1251080011
305188	435	703997496
305208	363	563604181
305207	258	384670527
305188	10	15809673
305045	506	851383101
305248	748	1325562034
305112	1387	2289723163
305112	1259	2118473388
305814	883	1472998071
305766	308	520633493
305814	585	929680968
305898	76	46087745
305898	103	96855217
305636	165	228472428
305237	384	736706404
305350	7	12898737
305064	1451	1855158959
305202	168	194289440
305202	268	369360541
305114	19	21837956
297411	162	239287318
297215	11	17566071
297219	1153	1945207765
297424	98	128663658
297503	212	390054894
297487	41	56188977
297430	83	158052491
297485	86	150450258
297503	669	1219660475
299062	286	471144950
297219	2271	3193029291
297296	75	109950505
297675	337	576547436
297483	96	103806263
297505	127	193404844
297562	16	25420700
297485	193	328871773
297603	138	238529113
297599	64	98343120
297101	251	349850729
297675	419	713097879
299380	89	85267277
299450	45	7896297
300122	700	976758688
300284	197	280987641
300280	131	146337078
301298	842	793205634
300155	424	560649417
300226	386	532083357
300123	243	281812453
300282	15	20896840
300123	299	341128278
300157	227	244411519
300226	249	320340279
300785	1102	1278388457
299480	390	555701988
300806	124	151585654
300806	125	153144957
300817	208	288878831
300389	141	230194288
300238	37	16233494
300237	458	642980221
300122	563	783456078
300155	636	855358336
300282	76	110006066
300238	189	183580839
300375	14	17807465
299370	229	277926872
301298	697	668763672
300233	115	122991117
299593	633	816570820
299480	462	658321006
300237	142	206502654
300785	1157	1330731672
300122	943	1291809494
299480	85	125215435
300123	144	169410904
300237	41	59086261
300806	96	99656006
300400	84	121496020
300155	235	293067843
300400	370	546011216
300401	223	262124014
300817	415	575685367
299370	224	270216826
300155	336	439610703
300237	309	434292767
300464	134	194476038
299396	39	64283310
299481	1105	1153352489
300122	790	1088811511
300155	448	593714337
300401	20	7459765
301391	107	77808626
299480	532	754157858
300785	1049	1226065773
299370	611	781799596
299481	222	265023834
300155	1102	1478308786
301959	617	701172838
301142	440	386049957
301530	16	12516232
300576	784	1156010312
300742	308	470932237
300742	318	488426773
301531	106	79185077
300466	611	760761555
300560	752	829093368
300401	406	481014307
300401	412	487689993
301180	15	12688781
300466	279	372331714
300633	246	377444144
301142	177	171548468
300459	166	236937752
300558	409	574991871
301986	363	309560494
300155	1070	1440494838
300576	584	873003838
300806	179	244553390
301984	80	87255568
300226	379	522294214
301986	317	272360445
300517	537	627485248
301392	619	585483233
301183	127	114424421
300467	139	143235450
300576	117	172589004
300155	767	1031917724
300636	1006	1220121823
300785	160	214798305
301384	400	439605265
300777	419	641832188
300516	90	113870061
300633	104	159528046
301959	717	796466725
300560	455	524416366
300576	58	83391724
300497	140	185319733
301959	464	541737595
301531	145	107434015
300235	73	113364449
301384	151	178207773
300817	45	61958285
301519	143	102179305
300574	42	30948910
301986	37	33723340
300467	516	503405523
300517	528	618292667
300517	451	534481131
300497	43	22709622
300280	102	93020941
300284	151	216756519
299595	66	78344976
299649	304	440628137
299480	501	712419073
300284	613	808028264
300742	255	380127755
301959	681	762816232
301984	266	316644387
301986	329	282433195
300636	1180	1393035799
300636	1190	1402855595
301161	243	198691774
300515	614	984569594
300636	843	1047609337
300459	147	206456312
300636	794	995143158
301694	102	120325976
300560	386	449419294
300785	246	328348665
301987	46	36737313
300576	402	608367848
300239	24	24211556
300785	406	526984198
301283	603	507986309
300517	127	156795451
301391	185	166004424
301531	304	221874562
300636	1073	1287860580
301476	792	584927834
300467	22	22647031
301476	790	583175502
300155	1132	1514927967
300636	563	731432207
301985	297	307351709
301959	701	781700193
300780	203	291528849
301142	835	657155402
300400	589	870064419
300463	82	119452236
300785	958	1136288701
301998	954	824436598
301476	314	244029764
301447	223	202990525
301449	276	213953873
301567	254	247704819
301941	62	40095262
301476	379	292332671
301959	873	937765224
301665	348	292314781
301998	1621	1261844167
301567	324	318118968
301959	1774	1613033008
301664	95	68913963
301912	267	205283027
301472	614	589349290
301448	293	250956869
301959	201	233105965
301448	28	25376291
301959	788	862026294
301397	294	216806430
301912	379	292767764
301914	111	77421744
301941	197	187625962
301397	90	68337668
301987	193	149373736
301987	732	519816315
301397	299	220688208
301392	410	402729012
301461	201	177966488
300777	482	744007192
301323	688	665978587
299593	880	1159622637
300157	730	742594025
300122	91	86288294
300235	159	242898025
300811	273	467879167
300157	25	21035705
301959	907	967573300
301472	659	629195888
301532	413	257431854
301627	353	314668310
301397	52	39963665
301998	1703	1306703216
301472	523	504751952
301530	37	28856354
301447	157	132276971
300284	448	608785961
299480	128	188783458
300123	551	597644737
299595	5	5574999
299597	413	437121692
300123	401	444372815
299478	44	67678558
301323	324	320259410
300123	526	573172414
300238	135	122097639
299480	672	942490199
300401	99	107961680
299395	111	165106730
302492	18	9316720
302448	202	238992946
302479	68	49251826
302131	263	230827233
302388	183	211976289
302393	506	553892602
302263	197	187238672
302328	548	474523866
302448	1721	1676702196
302240	744	711038804
302322	118	78693701
302388	575	656947221
302392	153	170518614
302393	373	418440008
302596	331	389105780
302131	711	618330724
302472	287	362768932
302229	63	64069489
302479	215	266914305
302479	247	310537032
302473	124	122684684
302163	630	565775253
302494	529	439610308
302229	196	195405956
302393	275	314939612
302388	274	324087929
302388	626	711246785
302393	396	442443434
302031	602	609234498
302485	301	378799977
302448	155	177475723
302485	620	723113106
302388	62	49343822
302031	316	339611591
302263	756	651348130
302393	537	585128716
302229	107	108209922
302328	85	43629772
302344	276	247143705
302525	7	9028717
302043	190	108613322
302131	743	643187792
302159	112	92543943
302322	625	506889605
302485	866	965752496
302163	205	183241174
302479	72	54417724
302474	44	37828605
302388	460	534539817
302240	920	851281768
302225	275	242866895
302525	609	721749337
302526	445	402327081
302573	857	810529890
302635	505	495205787
302596	810	920467907
302597	322	285315580
302573	272	284872557
302635	1264	1105199172
302526	69	65420472
302596	509	598904683
302573	525	527268704
302634	53	16476565
302634	60	27978974
302663	150	195211360
302597	333	295471826
302635	380	381824788
302525	560	670375050
302573	1202	1079309000
302553	47	59837145
302263	1087	890660972
302485	376	462966363
302485	854	955081250
302448	1758	1703944679
302448	1562	1553814162
302031	361	382800752
302240	469	477630566
302240	50	57898134
302448	1235	1293035273
302393	9	10367001
302474	34	28932478
302263	923	775730979
302473	352	334081981
302342	48	27699127
302654	35	45352989
302573	510	513396576
302031	808	781581679
303838	1269	1661964703
303885	754	1078472819
304333	1373	2077779998
304062	57	8544194
304169	435	680195731
304062	1568	2027160781
303838	173	225135025
304169	1467	1924115459
304797	1818	2733167299
304447	985	1622717204
304292	849	1439783416
304292	1448	2055192945
304292	1683	2252457289
303999	332	548469504
303999	336	554711837
303999	341	562034723
304671	116	147525974
304144	613	1076900383
304204	393	619404323
303838	1587	1946938494
303825	69	58234413
304797	561	998960808
304062	1074	1530976178
304062	1462	1929262219
304158	850	1090264326
304447	1273	1958400208
303838	1117	1510575358
304062	551	848047320
303885	1014	1398022038
303999	10	17684624
304158	1081	1380945657
303998	110	109955202
303832	605	750173932
303885	1418	1812598995
304125	124	229118842
304447	1504	2196748285
303885	532	767004110
304158	1534	1841395130
304292	635	1157651826
304158	1044	1336835428
303998	233	348777285
304738	1675	2458916921
303885	944	1317067182
303885	1273	1673084522
303948	1311	1877850919
304158	1381	1695902015
304333	965	1571136434
304797	1678	2605298563
304144	1626	2493983265
303948	779	1231331340
304144	1085	1846795587
303838	141	169402540
304797	616	1110517362
304292	1802	2346737177
304446	76	85735923
304447	48	88969288
304169	631	983604117
303832	1311	1432387254
303838	1316	1707372274
303885	113	98212768
304292	1372	1987768100
303948	575	926359135
303885	1809	2148344286
304506	157	268509055
303948	1136	1686916696
304738	146	258421759
304125	310	524533869
304125	380	632303833
303885	369	522023448
303885	879	1239417043
304655	422	669103051
304797	368	664623104
304125	1174	1563373194
304292	619	1133583101
304333	1642	2344679054
304333	851	1398209356
304333	1118	1779218107
304662	126	207785211
304204	209	277781151
304366	1481	2227568422
304125	180	323376583
304671	1066	1738007590
304125	1583	1919010696
304333	1394	2101026723
304508	223	350185289
304200	259	490596609
304616	164	239044440
304209	322	541208299
304366	1291	2021530176
304292	774	1346721878
304671	211	322009633
304562	70	47877215
304655	692	998325236
304616	299	462549446
304777	403	675190661
304158	945	1211387732
304508	121	192534306
304144	698	1233575544
304333	1198	1879724507
303948	958	1474197932
304062	671	1020960913
304204	563	919740334
304354	83	21232205
304062	462	708954218
304625	297	424440692
304120	172	328410686
304144	1625	2492660814
304797	752	1370495921
304508	1102	1339681467
304671	233	363379947
304655	1008	1329677805
304655	943	1266919936
304144	2154	2975512502
304125	325	549014921
303998	133	150393594
304797	901	1627868233
304366	246	416429250
304354	277	372494521
304366	93	139058908
304655	33	59014028
304655	821	1141908510
303838	336	501197990
303838	1513	1884583377
304655	313	512016475
304663	186	330026937
304671	616	999418310
304447	732	1275015598
304625	396	585320169
304209	309	515793477
304616	521	851100571
304738	317	541861819
304062	890	1313924291
304062	620	949479228
304144	1178	1977035553
304144	2207	3017747809
304671	70	61010028
304654	135	186348889
303999	678	1026537108
304158	1035	1326662335
304144	315	499340605
304447	501	892526900
304204	404	639674282
304158	769	980385975
304655	76	131564901
304209	128	168854937
304333	1637	2340300003
304125	948	1338525175
304797	60	85102940
303832	1860	1846103747
304209	346	586162822
304125	1746	2047658558
304204	119	119064232
304738	812	1396090936
304062	900	1326624075
304062	316	469901338
304447	1440	2133714810
304366	1391	2130968718
304663	47	83050118
304663	190	337097213
303832	1760	1776427094
304209	281	459909122
304062	1189	1653759617
304654	279	450774567
304144	439	727159588
304562	770	1322210147
304125	804	1182016855
304616	511	830160329
304778	48	93359954
304062	1792	2215296702
304797	133	229852836
304144	307	483933372
304616	749	1249072988
304625	474	719311045
303838	1868	2165512048
304125	925	1313722308
304663	235	419552286
304663	611	1048732962
304625	218	286785600
304170	201	185713705
304797	1530	2453122871
304778	1108	1557999484
304778	242	443199641
304777	106	183084835
304738	1658	2442039865
304778	202	375889247
304158	324	303305189
304778	1049	1500472366
304777	7	11038256
304778	137	259716528
304158	392	414374659
304738	582	996079212
304738	1139	1872735498
304655	490	755912818
304169	1244	1700283953
304333	285	429390101
303838	864	1231372496
304797	1182	2044971772
304158	208	98954403
304508	984	1234896934
304170	371	333237823
304158	854	1095592940
304158	1357	1671931229
304120	36	63156290
303838	1255	1648434385
303948	1443	2013340714
303885	545	785667517
305188	691	1068283792
305188	358	596867379
305045	702	1132710344
305207	490	768420031
305064	788	1194498782
305046	584	593334730
305207	745	1169883129
305207	234	344131658
305046	182	201866942
305204	909	1352210898
305064	1906	2205197072
305186	162	253847773
305112	1369	2266719341
305188	772	1171256297
305114	157	178481275
305064	938	1365444450
305188	72	130016400
305064	987	1417326822
305188	712	1095982865
305188	715	1100802461
305341	76	133629335
305112	1104	1887679931
305064	713	1104014104
306092	384	721949532
305186	40	48048490
305063	34	43507710
305046	112	126112780
305204	455	763886741
305207	554	867839290
305112	243	352815051
305064	1480	1879507992
305310	177	255755995
305064	1198	1630178102
305248	395	709483544
305202	565	856648570
305252	208	255071646
305046	454	471538250
305064	1547	1933025528
305112	275	416022107
305237	403	772502174
305207	498	781144766
305112	1169	1988803001
305237	520	981163448
305252	234	285467125
305902	508	801650175
305252	332	397775999
305237	405	776552100
305518	1091	1717904186
305366	143	253748741
305898	418	667625110
305589	369	705183608
305590	603	772057755
305840	176	325984372
305207	611	952533589
305186	215	336666154
305313	215	378660630
305377	538	977148577
305365	747	1258130330
305313	188	331718165
305406	1268	2068674890
305248	457	826261354
305366	783	1152563461
305518	252	480313832
305351	746	1133941961
305590	44	64732565
305840	216	402604844
305377	1165	2108970701
305518	492	894218819
305237	340	655367363
305248	779	1376871377
305314	398	434865202
305440	193	323871813
305898	659	1075627891
305516	447	743745212
305898	383	605083407
305441	73	124050942
305377	351	646282935
305313	17	32162142
305440	215	363911599
305248	26	46013235
305406	1137	1904962602
305247	159	219585559
305590	835	1025903520
305179	7	10752096
305518	546	981768705
305377	831	1533775858
305902	443	698607467
305405	83	148733640
305517	99	180426445
305237	187	362381179
305518	954	1550725701
305405	414	741574012
305405	282	508672913
305377	1259	2243106501
305902	313	479138891
305516	378	617806047
305862	101	66300103
305237	280	542979431
305365	443	723616490
305636	443	751772398
305366	382	643250182
305516	265	407195617
305377	790	1448595252
305237	981	1848112558
305840	486	894631436
305045	317	549913560
305059	424	589343440
305045	374	642178641
305636	2091	3385878831
305814	102	60752939
305814	479	756209524
305814	712	1158637244
305840	854	1471355805
305840	464	853224865
305862	341	529977461
305814	539	847484473
305842	63	75799637
305814	1536	2551233115
305840	68	126200155
306138	1015	1347711809
305821	569	951083433
305840	1095	1786988984
305064	1037	1471031157
305045	413	702019612
305044	164	266376023
305862	619	1019425041
305898	713	1167780329
305840	193	359363015
305840	469	862492755
305840	997	1659367177
305766	489	862255237
305341	192	324371394
305313	403	692614552
305188	751	1146407252
305766	447	785366850
306432	38	65202215
305204	511	848579800
305183	28	47938805
305046	120	135791877
305202	698	1093497625
305204	111	185655074
297486	363	594612716
297604	385	615061740
297722	191	269262546
297178	868	1054520015
297178	2	2711479
299062	45	79213242
297429	3	3651802
297563	155	214485750
297431	156	279127519
299184	107	166638556
297219	631	1179774068
301323	545	534718059
299593	118	135274607
300466	241	324362324
300401	584	675996559
300236	22	20552179
299481	746	829344523
300123	414	457525351
300237	241	342051229
300785	945	1122839281
299369	255	342377054
300284	184	262050013
299450	82	65480017
300466	127	174586874
299593	553	706649440
300155	136	153394751
300576	910	1319616841
301142	554	470110237
301142	567	479663626
300466	591	738185702
300576	622	927963347
300576	446	672403263
301997	260	273488890
300155	843	1137404992
299649	300	432846798
300576	269	414946803
301417	113	89859230
301142	782	624087082
301399	22	13939589
300780	172	247581182
300515	391	647374784
300560	197	233472845
300636	618	797535820
301665	28	25182630
301472	601	578777287
301627	83	40746088
300389	103	154849688
301665	257	219075199
300240	60	48896329
300240	77	64983997
300280	412	518303162
299369	93	127417592
302277	162	161932559
302263	1056	869628081
302476	181	139124250
302392	225	271816991
302225	717	625978977
302344	427	372166951
302448	848	949646464
302494	472	394341902
302448	1466	1478831523
302473	2	1864257
302494	558	458316599
302663	496	598351571
302596	469	552518721
302597	171	156950769
302635	399	398912570
302525	522	630613732
302573	1181	1063864043
302654	180	224017704
302635	64	67264981
302525	169	226030423
302573	297	309791851
302448	247	294244685
304062	60	11426261
303838	494	739292118
304797	2908	3547295213
304508	987	1238109686
303948	1614	2173393787
304292	1386	1999766577
303999	451	728209875
304158	566	692658968
304366	1835	2555676457
304144	1743	2609586156
304292	929	1533255064
304062	1712	2150587671
303832	657	808859830
304062	1246	1713097365
304446	79	91034694
304797	828	1506985752
304366	1165	1870470817
303838	269	394217663
304158	1133	1443444469
304144	2068	2904080593
304144	149	170913235
303832	1636	1684275820
304366	135	216016250
303948	357	565418972
304125	1428	1793335049
303999	28	49625778
304655	264	442145589
304125	1416	1783451455
304158	998	1280417112
303885	787	1122295796
304354	176	191080610
304209	83	75513200
304366	282	477842450
304204	411	651498478
304562	701	1189006617
304616	904	1485022977
304144	2170	2987965543
304204	355	546452934
304447	621	1095500817
304333	737	1204846577
304062	1640	2089014035
304333	325	484794397
304738	1450	2232407232
304778	388	683387186
304144	1143	1929806132
305186	198	311043407
305314	60	72193718
305081	614	1053495345
305202	579	877257219
305207	952	1533565041
305183	151	252851208
305064	1301	1726224520
305059	76	36154788
305636	314	510419804
305636	451	766342538
305636	1482	2610792593
305310	404	680705081
305351	105	189895356
305441	47	79218627
305518	295	557189403
305862	363	570786883
305636	420	710365499
305237	281	544413773
305046	71	81999182
305377	349	641831662
305351	126	226061325
305341	96	170233054
305589	386	735879594
305358	173	178388130
305862	539	887286220
305821	348	577551038
305842	652	696131679
305248	37	65048647
305064	1464	1866413269
305183	12	20692209
