run   lumisection evt
316240	539	739401700
316240	648	906071959
316114	974	984460049
316114	1522	1517720066
316187	1421	1947778695
316187	158	216338593
316187	231	312011866
315339	280	188116521
315801	117	119105760
316187	1029	1397669276
316199	1109	1540276582
316218	127	190246071
315339	452	301797375
315840	461	568153265
316457	540	625671536
315512	818	626311171
315713	426	556154492
316380	573	432237272
316877	266	404577225
315801	229	227516874
315800	426	528660884
315361	400	342094332
315357	159	127635052
315357	181	148846154
315357	165	133633082
316060	139	117595422
315361	270	231530239
315357	698	557573730
315366	750	391098287
315420	57	34808196
315420	177	136502627
315420	188	145438246
315420	214	165893367
315488	46	16440549
315488	49	21151573
316187	337	447310832
315420	1640	944665174
315420	1695	967289503
315488	136	117871538
315488	153	137228779
315488	211	198515177
315488	440	424650743
315488	493	471970344
316199	527	727594126
315488	758	687893230
315488	769	696138523
315644	65	81622955
316199	223	311355834
315840	326	404612214
315764	112	126176627
315489	47	28635288
315510	51	55763407
316569	1270	1738220916
316766	76	63966732
316059	355	378366865
315721	134	176027911
315489	135	81624537
315510	173	194043061
315506	97	118444802
315512	1004	735664566
316720	69	90233060
315801	231	229984023
316666	616	875995967
316758	15	21129235
316877	223	336834547
316985	171	230800813
316569	1009	1377935744
316666	308	420999487
316716	159	201271286
316569	649	862655514
315512	274	243574511
316060	344	337434798
315840	795	914699073
316720	95	123218054
315512	445	376614088
316701	335	483958706
316569	842	1146272040
315840	953	1055891893
316718	7	10050909
315512	564	462668493
316879	29	34802498
316217	85	100841332
315512	737	575582650
316715	35	9236729
316666	847	1203368655
316766	488	625992098
316766	726	967349209
316363	30	18526568
316720	28	36878540
316569	1539	2112866254
316985	392	530120421
316766	745	996783038
316766	1283	1765504895
316766	1640	2284781927
316569	1681	2307061904
316879	70	89017422
316766	383	494504247
316928	168	204663199
316993	88	75394669
315512	975	719264239
316701	367	530637037
316928	153	180877357
316766	721	958923610
315645	92	97365281
315703	341	361655441
315713	128	157437350
315690	157	103614932
315646	747	473167867
315645	552	515550552
315646	713	456114483
315646	732	465427569
315689	741	798202107
315645	378	371891541
315703	455	464679129
315703	463	471814769
316058	357	445825807
315646	419	288177584
315646	973	592324611
315646	60	44753324
315646	593	390549603
315646	672	434177003
315689	896	928882637
315645	443	427362871
315646	483	326823936
315646	1011	609186340
315689	92	93017148
315703	188	208914517
316457	761	882000172
315703	7	7935790
315703	162	181043652
316457	1382	1544663022
315705	383	265016870
315703	187	207396502
315264	145	160689074
315322	216	163059068
315322	489	347673916
315322	491	349319417
315689	93	93767884
315690	581	343536026
315690	634	373155461
315689	155	173814189
315689	578	648119365
315704	34	27514700
315705	44	33852925
315690	515	311206325
315689	471	539761007
316470	356	469422095
316472	15	16958272
316469	22	14622456
315689	541	611316065
315703	136	151923349
315690	121	80382190
316470	40	54267367
315702	100	80437764
315705	221	161339837
315704	56	44735396
315705	367	255702249
315705	103	77917125
316472	10	11594497
315703	196	217276085
316457	1410	1577532089
316457	864	999053612
316457	969	1117047778
315713	1034	1197866311
315713	423	552996773
315840	644	766302805
315713	652	822449650
315713	812	990285836
315713	1021	1186888568
316201	320	446486230
316217	96	113839632
315840	577	695766407
315721	527	663361765
316758	61	80275386
315713	511	659816257
315721	90	105739291
315721	63	60731551
316187	377	496523815
315764	172	222540538
315800	589	709581853
315721	429	555596720
315764	92	93219193
316218	364	510724887
315770	131	158393092
315840	103	102522287
316457	146	196578050
315801	312	302127205
316455	70	44734122
315790	275	196368960
315786	26	25042702
315785	197	250428020
316457	53	71306775
316380	594	449498627
316457	117	156104118
316590	114	155069913
315784	85	93560414
316569	777	1050835826
315800	320	398821634
315785	63	84266030
315785	90	119956318
315790	750	475736699
316666	748	1067577308
316569	554	726758799
316569	567	745256452
315790	329	232157954
316569	327	400478593
315790	562	371879520
315790	105	77340875
316569	1628	2229084489
315785	204	257944549
315790	402	277855372
316569	943	1288266531
316569	1386	1901947073
316569	1393	1912318981
316569	1393	1912285937
316569	1449	1988059318
315267	191	185398360
316187	527	676109901
316590	88	112891578
316590	491	666135637
316569	248	307697339
316666	596	846014299
316666	268	360464561
316590	486	658502009
316590	513	702277012
316666	32	39185084
316590	233	329628265
316666	538	761700614
316590	51	53213253
315800	350	436532952
316590	307	431818626
316666	51	63181798
316666	546	772268330
316271	74	67802469
316666	75	93385344
316613	157	85964571
316666	453	634357963
316380	201	138853022
316380	302	203315719
316380	431	310598966
316722	139	195370530
315973	404	492441244
315973	40	15562046
315973	106	105201675
315973	102	99238948
315973	322	395262818
315973	348	426969426
316058	337	420446761
315973	205	244618376
315973	216	259658569
315973	275	337269394
315973	505	605983403
315973	556	659908611
315973	603	709808649
316059	127	143754395
316110	15	21092916
316114	18	18863394
316187	218	295745959
316110	120	167102530
316199	169	229810531
316362	264	185926827
316187	90	123724720
315322	697	467304056
316153	235	324200368
316187	921	1258464856
316218	55	83363384
316199	283	399844651
316199	431	606345966
316218	629	862858085
316240	543	745984799
316469	61	64197650
316469	120	144662186
316472	106	127748300
316472	106	128334492
316470	257	337856290
316472	111	134472032
316505	864	1111785930
316470	466	605274252
316505	734	928715902
316505	1249	1635574813
316505	1259	1650655917
316505	344	411347081
316505	346	413979968
316505	796	1016405434
315270	248	210115483
316239	361	457993681
316505	1085	1425781577
316505	593	712895718
316505	602	726707975
316505	1299	1712585109
316505	1329	1756664552
316505	860	1106567382
316985	188	256370440
316717	104	123896300
316758	1302	1884639179
316758	1303	1885372422
316758	1471	2124496806
316700	91	86715157
316700	204	250928649
316700	325	415558232
316758	427	580021673
316700	147	167728483
316876	351	497221738
316876	446	622639677
316187	1941	2729152156
316718	288	427287619
316701	77	90555172
316701	93	108511647
316758	598	823365311
316758	608	839596618
316718	151	234049178
316718	155	239608401
316718	211	315554289
316717	166	221045217
316995	233	348203428
316995	274	412338565
316240	611	850695380
316758	1024	1461119660
316758	1044	1488894921
316187	1765	2456682499
316218	398	552601467
316995	581	875302841
316995	591	889143920
316995	92	113896241
316995	128	174173656
316995	406	611311552
316241	153	241167767
315270	336	280814647
315322	1307	767198436
316240	389	531402529
315322	863	557132322
316114	269	291266203
316114	135	150790513
316114	1363	1378435234
316153	198	277991632
315339	522	345665341
316239	472	589434315
315270	149	127905149
316240	271	381205030
315322	947	599976225
316114	933	938646149
316114	934	939021562
316239	117	139123056
315713	905	1080841490
315270	21	18387577
316218	48	72707926
315267	212	203392683
316219	20	31315797
316114	201	221487018
316153	745	1012038032
316239	332	421399064
316239	153	188526465
317089	787	1156949221
317087	329	400902154
317089	104	138868222
317291	494	660186255
317291	633	873122602
317320	94	134879616
317319	175	215674344
317319	74	58531649
317696	627	936116269
317382	59	24047244
317382	68	37881771
317319	149	176360544
317382	113	93254845
317649	306	465083178
317340	141	183752067
317320	1036	1529702350
317640	817	1206538840
317089	712	1026956874
317320	321	422375895
317320	1167	1732943977
317320	1187	1763791222
317340	83	108439679
317626	625	940383522
317320	570	806965610
317641	37	53266857
317626	122	158893522
317626	108	135407005
317648	72	67164140
317392	57	79267591
317392	21	22948414
317392	777	1078346601
317392	235	334798734
317392	1793	2601272282
317392	1032	1439907727
317392	1033	1442231703
317087	540	674459010
317435	803	1142356329
317527	228	273313859
317527	523	686704454
317435	550	786247646
317435	493	699893073
317435	1225	1765496510
317435	107	138435410
317527	920	1304450597
317527	617	823860944
317435	1307	1880977091
317438	31	49249189
317435	945	1360963197
317435	33	43729548
317089	268	371195884
317438	81	130744328
317435	356	493756544
317435	910	1306453096
317435	371	517506525
317435	452	639249540
317435	151	190010910
317435	1048	1516641000
317435	1245	1793863619
317435	1285	1850746420
317484	252	346721256
317484	43	51797382
317488	99	139790276
317488	252	351785596
317488	370	534332331
317527	450	579028306
317527	146	168683960
317527	1397	2000414757
317527	211	250080795
317591	151	191020907
317591	221	283071102
317591	224	287215421
317696	561	828268884
317696	579	859286289
318874	55	90134674
318874	52	85126179
317626	1555	2330788893
317626	1392	2108287961
317626	1394	2110561284
317626	1568	2350455886
317626	1409	2132884198
317661	901	1346165833
317089	406	586882793
317089	429	621500078
317626	1777	2672584932
317626	1881	2834649520
317661	474	681701931
317641	531	784489039
317641	641	948114727
317641	666	990806203
317641	527	778180405
317641	416	616102334
317648	120	136118531
317650	10	11821804
317649	535	817931769
317649	580	887462768
317650	223	322364520
317650	362	542163189
317661	1062	1576650120
317182	287	369661904
317182	333	428382462
317661	992	1481046899
317663	186	261890649
317661	68	71579507
317663	41	56351757
317661	765	1137908422
317661	1148	1703455323
317663	13	15387067
317661	656	972598343
317661	1177	1750592410
317683	114	129048034
317696	48	34763666
317696	107	129859529
317696	127	161527895
317696	444	645381044
318872	242	350550371
318874	272	438368090
318877	21	30075727
318877	338	499871148
318877	344	507516122
318877	498	719469499
317182	757	1043280392
317182	1335	1914444221
317182	1351	1939388507
317182	742	1020282480
317182	785	1084768327
317182	905	1271009320
317212	100	103738503
319077	88	84524958
317626	275	382203039
317087	304	368909687
317087	158	178797449
317089	516	748106857
317626	966	1467916365
317320	1215	1805615388
317488	555	804120399
317640	820	1210928964
317320	998	1468887781
317089	751	1093624132
317213	190	240878379
317488	834	1214656323
317279	492	735229533
317488	184	254574161
317320	317	417890855
317488	738	1063589016
317626	153	208892178
317320	167	233295047
317626	1166	1759256363
317340	383	518181836
317626	1034	1568022709
317320	1715	2587338570
317213	342	453196552
317340	205	263845622
317320	1488	2221163352
317213	275	344915346
317626	157	213960661
317641	39	55974344
317320	228	308080364
317484	70	84375456
317626	816	1240510283
317340	209	269067154
317279	471	704143791
317320	851	1222868382
317488	602	869150720
317320	719	1031535571
317626	956	1451694406
317087	619	801768036
317626	268	371785717
317297	26	35354601
317696	328	461628032
317696	473	690316361
317291	734	1035737313
317297	12	13947559
317291	159	202559361
317292	219	325975333
317291	432	582049594
319528	169	228397973
319450	347	528232690
319450	521	784814497
319756	511	824332497
319840	57	52370077
319853	174	277231165
319853	191	305480835
319854	110	162983675
319756	1542	2453568406
320040	384	588227132
319756	639	1040059796
320038	106	115948720
319347	539	700457302
320010	318	498751640
320010	319	500573701
319524	786	1150913123
319524	822	1209053575
319579	589	845216751
320023	266	410588630
319524	140	155765620
319528	57	88398524
319524	110	113339236
319524	292	378214523
319524	346	465573134
319524	398	547299970
319524	558	799174076
319524	569	816151764
319524	600	860730537
319524	452	635167502
319524	1218	1816253989
319524	713	1027433380
319524	1260	1878419250
320023	200	299413233
320024	2	2574632
319698	30	44823922
319678	85	91157322
320011	245	369089188
319847	49	32838462
319849	77	123329663
320038	383	570586048
319656	272	346678663
319849	319	530611773
319853	149	237661341
319337	1060	902233545
319579	1255	1874583239
319625	183	275121230
319639	401	628620087
319639	390	610724971
319639	1104	1577309985
319639	1129	1619412119
319639	994	1427227575
319337	410	268453753
319579	724	1043753621
319579	1872	2930101110
319639	962	1390993118
319639	1299	1887409508
319579	2953	187355849
319579	3049	303122680
319579	3114	380295283
319579	2253	3533225946
319579	2984	225263300
319639	523	813703939
319639	592	915057519
319639	623	958562913
319639	755	1138035217
319625	52	66107811
319579	1958	3072463355
319639	35	20343029
319639	160	212942898
319337	1740	1713098658
319639	576	892567148
319639	629	968031384
319639	748	1129116283
319625	176	264976978
319639	1300	1889809967
319639	1253	1816603616
319639	839	1243782765
319639	296	452289827
319639	1217	1758626175
319639	1226	1774031512
319698	34	51525629
320024	316	528577668
319658	138	221041470
319658	159	255874554
319658	161	259284473
320026	111	165169885
319756	416	652488287
319756	1961	3092726412
319756	46	25512839
319658	202	325519292
320026	103	154005551
320026	104	155029692
320026	113	168195426
320040	191	305442665
320010	181	281849398
319756	452	718729556
319756	169	220324059
319347	138	169177458
319756	1020	1639602974
319678	61	50251893
319698	278	407269140
319849	296	492986951
320010	274	430974548
320010	218	342106558
319697	370	561719822
319678	264	389900334
319678	285	426752661
320002	74	63619417
319756	1168	1883323570
320040	24	37621988
319756	907	1471117994
319756	945	1528483480
319756	1591	2524217044
319756	1305	2097400734
319853	35	54897686
320006	170	284342721
319849	13	21403991
319849	202	331690886
320010	99	142648690
319910	856	1554552224
319910	901	1638890968
319910	561	997539823
319910	468	830800954
319910	2	1911617
319910	48	78603762
319910	50	81898498
319910	54	88141476
319913	12	17801754
319941	169	241450462
319910	311	535873924
319910	92	147076423
319910	228	382840163
319912	11	21939301
319941	142	193080261
319941	163	230773158
319915	109	167206472
319910	418	737098447
320064	29	47790967
319910	427	753075964
319910	494	877038264
319910	657	1166552561
319910	758	1369630331
319942	32	53642737
319942	7	11606895
319941	237	366772396
319941	251	392245768
319942	2	2963522
319950	39	18418473
319991	106	115514058
319991	869	1360848457
319992	79	122680537
319950	90	95871038
319449	134	148590239
319991	299	424289782
319991	350	506134041
319991	572	871723210
319991	406	600399931
319992	176	269990609
319992	260	391411821
319991	437	651413803
319993	108	178548380
319991	699	1088822735
319991	703	1095683538
319993	139	229613275
320040	330	512717839
320040	422	649279676
320010	303	476631217
320011	157	240999934
320011	158	243047720
320011	229	344988970
320023	283	437079616
320040	462	717029940
320023	172	250061528
320038	145	183839722
320040	261	411106936
320010	306	480356619
319449	257	332933000
319993	339	542881905
319579	556	797657338
320038	55	33537572
320065	400	640185233
320024	30	49376052
319841	147	221203490
319993	463	725573793
320023	141	202398511
319337	1412	1336803054
320059	86	140353292
319756	328	507074254
320010	250	393236137
320040	542	848288183
320061	3	4961960
319756	292	443413526
320065	46	77151976
320063	60	103163114
320038	641	1003963450
320006	265	449416010
320065	133	216924441
319756	1070	1715273717
319449	593	858616758
320006	266	452042089
320065	506	791453402
319656	172	178054340
319656	235	285482145
319756	1504	2396984901
320065	480	753653010
319756	1708	2701105655
319347	91	101633557
319456	250	374655475
319840	200	294507434
320010	231	363003570
319756	289	437439573
319450	195	292456083
320024	300	502266137
319756	812	1320533938
319756	1250	2011018403
320023	109	152975310
320059	2	3164265
319756	1727	2733919942
320006	13	18310106
320006	48	80095162
319503	90	138522695
319503	182	277178592
319449	401	559944747
319450	188	282352008
320038	467	704789563
319756	991	1597264367
320917	1552	2447889336
320917	1569	2476965047
320917	1713	2711017990
320917	1876	2955474992
320917	768	1259698614
320917	1300	2066185276
320917	1549	2443804153
320917	507	842401998
320917	964	1545453640
320917	1619	2558048264
320917	310	508618626
320917	1263	2011529813
320917	1819	2872723072
320917	1462	2296962955
320920	37	49056482
320920	130	170208118
320933	142	176963307
320933	63	48137715
320933	106	114024530
320933	149	190019526
320934	22	37320558
320934	12	20395729
320934	106	175017073
320934	398	635805113
320934	357	573909040
320934	492	772200725
320934	737	1170155319
320934	428	679783421
320934	459	725212586
320934	741	1177172321
320934	770	1220428624
320934	780	1236305787
320936	28	41365459
320936	215	311086410
320936	330	474001179
320936	297	429662096
320980	62	44214451
320995	200	308511887
320996	148	240853997
320996	360	547840373
321006	149	268998645
321006	73	135320469
321006	113	207671310
321007	247	410652281
321007	280	460467456
321007	358	579113932
321007	308	503287287
321007	621	1002595328
321007	696	1127053171
321007	713	1153182315
320688	58	18265531
321010	140	232031579
321010	142	234447976
321010	313	502683588
321011	2	1828657
321011	110	149171852
321051	84	65066075
321051	266	345341627
320688	326	437474303
320688	374	513032732
321051	685	1005584103
321051	687	1009949375
321051	1050	1533013500
321051	973	1429404010
321051	495	708551411
321051	321	432754613
321051	541	783049463
321051	612	896634586
321051	695	1020883922
321051	699	1027633110
321051	774	1142614424
321051	804	1185759008
321051	785	1158951318
321055	2	2765122
321055	416	610142837
321055	16	24849006
321055	443	653370536
321055	653	961430621
321055	87	134436266
321067	324	454541137
321067	84	79057119
321067	402	564508603
321067	414	583271658
321067	82	74862827
321067	448	635033159
320688	505	708549285
321067	202	269202643
321067	382	536908063
321067	255	350381425
321067	300	418864887
321067	466	662888357
321068	80	116368996
321068	166	236878319
321068	551	821827182
321068	615	908492370
321068	524	784140085
321068	439	658455620
321068	476	713959165
321068	411	614680931
321068	547	816422367
321069	29	45998647
321069	69	109752516
320688	510	715511702
320688	130	126429662
320688	132	130615492
321069	276	417318302
321069	56	88697769
321119	87	77439821
321119	130	143477009
321122	207	334580625
321122	182	295643756
321122	304	498381321
321122	197	319090259
321124	676	1013737997
321124	718	1077790736
321124	57	81628175
321124	290	426790281
320688	406	561778753
321124	637	952285612
321124	739	1108565672
321124	781	1167561126
321124	441	649318918
321124	108	156617633
321124	110	159861062
321124	125	183735746
321124	445	655182669
321124	456	672776570
321124	513	763036836
321124	648	970712271
321124	809	1207070610
321126	1	576279
321126	299	435390927
321126	456	655388093
320712	157	199150092
321126	231	333873284
321138	390	560352572
321138	27	24734241
321138	550	784618597
321138	193	275046999
321138	481	689232332
321140	568	819191929
320712	188	249298301
321140	65	101502817
321140	86	134865196
321140	98	152856472
321140	674	956464406
321140	539	779564456
321140	306	461829592
321149	582	876509954
321149	711	1077656551
321149	1138	1710191920
321149	420	612756476
321149	438	640887524
321149	181	237067008
321149	984	1481609586
320757	349	497768872
320757	62	28219250
321149	923	1396766911
321149	329	467815750
321149	292	404812082
321149	435	637327571
321149	453	663686885
321149	1677	2513075026
321149	232	311507005
321149	304	425820396
321149	1474	2201085654
321149	895	1355839568
321149	1331	1995684216
320757	101	86430016
320757	164	189787693
320757	256	346405932
321149	1533	2281838284
321149	930	1405874368
321149	1223	1838671543
321167	20	31464555
321167	133	198719832
321167	327	510775543
321167	349	543245299
321167	922	1415516497
321167	689	1077290027
321167	451	709575507
321167	219	340778312
321167	243	380615544
321167	463	726812744
321167	837	1297590280
321167	846	1309361444
321167	119	179046049
321167	474	745100324
321167	712	1111979362
321177	38	17569572
321177	124	157190578
321177	223	319191362
321177	61	48460892
321177	129	166419714
321177	139	183369469
321177	272	393128548
321177	344	499186435
321177	411	607466719
321177	286	413579168
321177	294	425883752
321177	240	345243104
321218	598	869126766
321218	437	620524155
321218	510	730748475
320804	480	717598222
320804	53	36653548
320804	646	977696426
321218	473	676381499
321218	136	152139443
321218	178	215330873
321218	182	221352720
321218	110	110680304
321218	371	515536319
321218	668	983256007
321218	384	536858496
321219	225	323157101
321219	380	562662716
320804	1160	1750053289
321219	433	641071129
321219	508	750084407
321219	231	332502439
321219	364	537894398
321219	370	546697675
321219	873	1305824793
321230	90	72009147
321233	55	85334198
321233	338	528742694
320804	95	97408191
321233	256	400060378
321233	185	282361608
321233	537	845965614
321233	497	782382750
321233	183	279588163
321233	243	378673612
321233	243	379250259
321283	355	533240641
321283	140	176766076
321283	105	114739543
321283	95	96803046
321295	276	447481967
321295	277	448165205
320804	509	761848150
321295	47	75216281
321295	177	282554228
321295	476	755727524
321295	185	297480624
321295	186	298111920
321295	84	134870829
321295	168	267706435
321295	260	421676701
321295	492	780950262
321295	513	813434119
321296	37	56630916
321305	2644	3883913029
321305	2032	3155192004
321305	277	442136175
321305	208	330077602
321305	190	298823050
321305	225	359015678
320804	1099	1659705850
321305	1201	1898084892
321305	351	558842550
321305	426	688405784
321305	610	987840297
321305	539	876568059
321305	560	910564294
321305	1109	1769699251
321305	331	524486285
321305	1787	2784478899
321305	2173	3346894790
321305	2209	3392269662
320804	172	222456319
320804	215	292003281
321305	1574	2471703617
321305	835	1355104768
321305	1162	1844160826
321305	1558	2448835318
321305	993	1596909661
321305	2303	3507783283
321305	1406	2215497570
320804	135	161790911
321305	1177	1865114428
321305	2608	3846378451
321305	2286	3487050650
321312	404	330154417
321312	561	449007321
321312	617	490362465
321312	760	591404594
320804	578	873170369
321313	367	236386897
321393	42	70636629
321393	110	168316341
321393	115	176574757
321396	1311	2011892315
321396	1361	2092810808
321396	41	62393893
321396	871	1359204510
321396	901	1403255941
321396	1035	1612727118
321396	664	1064293563
321396	1306	2003046985
321396	494	804312278
321396	325	528675065
321396	536	864857385
321396	596	958445407
321396	701	1120268351
320804	340	498542743
320804	342	501409345
320804	776	1165085682
320804	825	1233745737
321397	43	54236266
321397	117	165757933
321414	102	148440416
321414	1172	1959673194
321414	496	853288531
321414	62	72007301
321414	170	278989856
321414	176	291331201
321414	184	306571383
321414	128	198492787
320804	791	1185396131
321414	190	316941081
321414	121	185319055
321414	724	1244385567
321414	692	1188337688
321414	201	337461905
321414	707	1215261392
321414	834	1426708539
321414	846	1445795144
321414	872	1486299463
321414	433	739261637
321414	590	1013326815
321414	1233	2045779849
321414	1233	2045800981
321414	1142	1914837159
321415	90	146190609
321415	735	1145383322
321415	760	1179375887
321415	284	444490004
321432	29	46919298
321433	56	87832353
321433	74	120696610
321433	7	10140619
321433	43	67356134
321434	5	7619081
321434	102	169267477
321434	141	231207942
321434	143	234601613
320809	565	814593460
320809	586	840016070
321434	203	339779030
321434	629	1012753460
321434	487	798200674
321434	36	61154521
321436	198	298740384
321436	247	375838126
321436	96	135180322
320809	421	631964681
321436	219	332406299
321436	264	400706313
321457	1522	2382004579
321457	469	738614648
321457	1125	1783231897
321457	1289	2030714925
321457	1325	2087623412
321457	570	902109155
321457	1044	1663877437
321457	1537	2403728844
321457	156	213284646
321457	362	552156358
321457	128	161701215
320673	105	59763169
320673	875	528588702
321457	383	590742249
321457	694	1115678164
321457	1086	1726852210
321457	1624	2520733768
321457	1010	1613641157
321457	372	569823077
321457	603	956162896
321457	1641	2548832052
321457	639	1020151526
321457	948	1519852110
320809	378	574131875
320809	497	730491749
321461	75	107742675
321475	1573	2446057592
321475	446	697575905
321475	1445	2253766947
321475	408	635257776
321475	663	1063478400
321475	87	86105206
321475	1551	2408507684
321475	688	1103410001
321475	1253	1977760705
321475	109	122875934
320809	499	732928775
320809	23	37072637
321475	483	756383251
321475	1204	1903408077
321475	1264	1994383334
321475	1509	2343807324
321475	976	1549674880
321475	977	1551389287
321475	1064	1678146665
321475	1820	2828230625
321475	971	1542155637
321475	847	1357716124
321475	454	710438421
321475	2007	3071411064
321475	1167	1845536224
321475	1712	2670057979
321475	1866	2891144956
321712	133	255852619
321712	168	322386438
321712	139	267593000
321730	100	178731898
321730	218	399696587
321730	212	388369091
321732	149	276562313
321732	13	19895662
321732	201	377952897
321732	1229	2197762592
321732	78	138613359
321732	627	1135881516
321732	407	754519347
321732	439	812742317
321732	282	527986819
321732	368	683019359
321732	993	1769636364
321732	1132	2016354068
321732	1172	2092243499
321732	1396	2500848038
321755	225	335807900
321755	661	1049512914
321755	146	205789592
321755	606	955011260
321755	699	1113569387
321758	151	255879230
321758	55	86989618
321760	39	65024774
321760	640	1082341073
321760	328	552882141
321760	326	548800658
321760	768	1275597811
321773	51	83276365
320822	9	13141583
320822	68	114039023
320822	291	484346912
321774	29	50303501
321774	23	40160734
321777	135	228671280
321778	53	89424483
321780	195	319440835
321780	410	695110916
321780	160	261012961
320822	75	127519205
320822	311	517877522
321781	202	378568572
321813	200	330505703
321813	35	35716885
321813	268	455751024
321813	111	176920327
321813	167	274910936
321813	269	456508327
321813	195	322707550
321813	261	442302947
321815	1	648328
321817	28	51788959
321817	18	32638435
321817	418	724934075
321817	41	74466664
321817	187	333227839
321817	188	335006694
321817	383	667564438
321817	290	511356987
321817	85	154744271
321817	205	362400987
321817	374	652677869
321818	522	911225100
321818	339	569693136
321818	254	429168237
321818	304	506034469
321820	97	150259646
321820	122	185629094
321820	126	187935546
321831	458	799634182
321831	198	321597344
321831	298	511615373
321831	112	165371284
321831	342	590705890
321831	323	557208457
321831	233	387711226
321831	581	1025750370
321831	481	844306628
321831	158	244308341
321831	611	1082528252
321832	32	52314769
321832	291	487769476
321832	82	135608429
320822	339	564813388
321832	72	119775288
321832	167	269838745
321832	173	279149182
321832	425	722241109
321833	307	569320690
320823	51	71956716
321879	85	100314955
321879	191	304165510
321879	302	499556740
321880	101	188977434
321887	74	49869539
321887	178	231755361
321887	569	934294849
321887	296	446431867
321887	407	639458695
321887	501	814748929
321887	565	927271986
321887	650	1072735332
321887	717	1191321290
320823	149	229326218
320823	217	338103041
321887	419	663824478
321887	469	757509951
321887	945	1560231977
321887	779	1296716331
321887	734	1220153980
321908	343	543376340
321908	408	659178760
321908	460	759281605
321909	1574	2576632655
321909	753	1258189700
321909	1155	1961093016
320823	323	504865664
321909	690	1157854072
321909	237	406044231
321909	304	520097618
321909	126	219852700
321909	1142	1940987535
321909	1241	2101772768
321909	918	1550829095
321909	986	1675205418
321909	532	890558737
321909	107	187079007
321909	108	189738607
321909	298	510327604
321909	331	564465777
321909	904	1525937159
321909	546	914164972
321909	119	208291324
321909	189	324856259
321909	1638	2649747061
320823	178	276498964
320823	267	416374381
321909	794	1322050307
321909	1089	1853727183
321909	1499	2477928332
321917	136	239463058
321917	406	736033476
321917	684	1248311659
321917	686	1253080576
321917	110	192250602
321917	377	685655295
320824	78	115396115
320824	148	215239646
320824	160	235830225
321917	295	537986864
321917	772	1401263970
321933	293	473466385
321933	212	327084399
321933	182	267113734
321933	215	330321001
321961	40	77296811
321961	24	45174117
321961	303	561388025
321961	354	653265268
321961	242	449211744
321961	341	631142223
321961	312	578804200
321973	61	53633136
321973	65	60931713
320824	218	336620986
320824	106	156903288
321973	604	1065135600
321973	261	427658351
321973	330	558757424
321973	70	70063384
321973	83	95874943
321973	428	735939127
321973	360	615119448
321973	786	1384937970
321973	1172	2042134936
321973	1011	1756047397
321973	1109	1933410713
321973	730	1288877924
321973	1159	2019342101
321973	494	863541437
320824	293	461397060
321973	852	1496189175
321975	546	936920054
321975	20	30166211
321975	542	931225548
321975	731	1215569893
321975	758	1255210217
321975	322	571161362
321975	411	721403342
321975	416	730876522
321975	843	1364019773
321988	437	752709878
321988	254	406304049
321988	674	1196252224
321988	78	73629203
321988	161	232483217
321988	369	629915846
321988	122	157543533
321988	515	903024639
321988	509	891374674
321988	1157	2034453460
321988	917	1623295396
321988	1265	2218237775
321988	813	1444525811
321988	1208	2124091195
321988	272	443065245
321988	667	1184547553
321988	858	1522912038
321988	1229	2157164510
321988	865	1535708430
321988	1275	2235038006
321988	1446	2525403005
321990	404	704027715
321990	15	27263376
321990	128	236610857
321990	197	359670616
321990	295	528801704
321990	322	573277434
321990	460	780954495
322022	750	1304893427
322022	275	434034697
322022	460	780671767
322022	61	41089245
322022	503	862128557
322022	81	80166671
322022	154	210459506
322022	91	97664699
322022	182	258748154
322022	1095	1887844949
322022	990	1701362155
322022	630	1095598111
322022	625	1085735379
322022	625	1085844937
322022	848	1472479833
322022	1120	1931793662
322022	1345	2304730209
322022	1443	2486756523
322022	943	1628918059
322022	1615	2807312278
322022	1292	2220325539
322022	806	1400689930
322022	1756	3057486206
322022	1689	2938785373
322022	1715	2986053552
322068	76	59641020
322068	305	489325418
322068	263	407408138
322068	297	472874268
322068	470	795840623
322068	514	877064585
322068	531	911483019
322068	161	224008083
322068	546	938830432
322068	204	300162498
322068	497	844641347
320824	953	1375328856
322068	695	1214124559
322068	492	834996771
322079	73	81706076
322079	376	660190877
322079	137	211174112
322079	378	664240770
322079	247	423005600
322079	158	254935067
322079	425	754851053
322106	50	23099804
322106	287	465962932
322106	72	59038513
322106	89	92588139
322106	546	950565594
322106	267	430319211
322106	267	430632163
322106	330	542715754
322106	826	1461656880
322106	478	819072339
322106	647	1144755692
322106	786	1390675922
322106	859	1508520284
322106	745	1320778378
322113	130	165478893
322118	97	172941374
322118	101	179569248
322118	452	835633691
322118	182	333484365
320824	792	1183344473
322118	282	517186489
322118	742	1340459817
322118	747	1349019752
322118	506	930780176
322179	650	1135881379
322179	432	732772413
322179	914	1578438539
322179	125	158970271
322179	168	238671964
322179	315	515893118
322179	320	525110398
322179	531	913782139
322179	534	918278637
322179	179	258156947
322179	308	501652904
322179	605	1052754873
320838	213	293897064
320838	331	493199796
320838	334	498330284
322179	435	737833246
322179	455	773640615
322179	458	778944552
322179	459	780463257
322179	656	1147281359
322179	671	1171701478
322179	602	1047938929
322179	1626	2793674922
322179	1498	2566331814
322179	973	1674406696
322179	1185	2038956006
322179	1247	2146613725
322179	1294	2224745055
322179	1122	1926758453
322179	1482	2536057071
322201	68	62022768
322201	136	194059412
322201	238	378676406
322204	9	13904521
322204	117	221053135
322204	248	460742753
322204	57	108733298
322204	91	171563836
322204	834	1486183430
322204	1112	1961791671
322204	558	1014611787
322204	169	316607790
320838	124	141474337
322204	329	610615219
322204	689	1235774564
322204	707	1264149383
322204	768	1360829440
322204	983	1749932641
322204	983	1750583384
322204	757	1343838804
322204	873	1557660832
322204	1080	1912242780
322204	1099	1941732029
322204	1010	1796461100
322222	230	445738072
322222	236	458560343
320840	53	85718240
320840	312	516100774
322252	42	17469988
322252	93	101567401
322252	1497	2594923395
322252	1499	2597954042
322252	83	82004469
322252	645	1137013802
322252	484	841203547
322252	205	308450267
322252	1010	1757253350
322252	899	1575586708
320840	24	38431158
320840	113	188086145
320840	301	499855123
322252	1354	2339960624
322252	737	1295942818
322252	837	1471128005
322252	1122	1950910019
322252	1187	2064442569
322252	1233	2142765648
322252	1245	2162573216
322252	1332	2304541246
322252	1372	2368942720
322252	1510	2620491564
322317	84	81719101
322319	53	77121941
322319	85	141971414
322319	72	116612715
322319	109	186421891
322319	115	197912360
322319	140	242043348
322322	17	34083730
322322	40	78182707
322322	97	188484956
322322	550	1022431266
320840	259	434083660
320840	343	564303812
322322	417	780840137
322322	504	940621281
322322	1166	2089031332
322322	1169	2093874654
322322	297	560490326
322322	812	1479538578
322322	541	1006651042
322322	710	1290830847
322322	851	1548161309
322322	905	1643292268
322322	909	1649721683
322324	157	277688907
322324	262	457694023
322324	309	532300403
322324	334	572409483
322332	264	428523552
322332	285	470226716
322332	437	754825622
322332	224	351190223
322332	62	51772631
322332	327	548713900
322332	515	902437211
322332	636	1120245511
322332	347	586082368
322332	347	585237596
322332	370	629648722
322332	382	651828197
322332	449	778702142
322332	464	807833951
322332	763	1350541773
320840	200	337082253
322332	916	1605511952
322332	743	1315393248
322332	959	1680446264
322348	293	513316275
322348	490	887657930
322348	360	640968655
322348	671	1222003558
322348	436	781530776
322348	260	447197905
322348	353	628479538
322348	397	711718030
322348	120	176204850
322348	633	1155001906
322348	637	1163020674
322348	637	1162178837
320841	82	121664217
320841	195	283092216
320841	18	25703153
320841	89	131239434
320841	113	165851151
322348	96	130566192
322348	133	200128643
322348	804	1457870128
322348	1136	2029958228
322348	424	759894998
322348	1143	2042064514
322348	1153	2058861670
322348	711	1292796934
322348	1342	2380619642
322348	1090	1945928608
322348	1464	2615378578
322348	1189	2121088243
322355	49	30791885
322356	523	980667973
322356	495	928633152
322356	496	930201255
320841	137	201406115
320853	107	117236576
320853	165	207011942
322356	180	340857789
322356	590	1097339361
322356	75	144004512
322356	130	249681515
322356	222	422840919
322356	115	222487406
322356	403	764591220
322356	621	1150772948
322356	623	1154314032
322356	656	1209506507
322356	757	1372116456
322381	260	417517269
322381	492	858590246
322381	246	391636703
322381	416	714559119
320853	236	329368119
320853	258	366696058
320853	274	394756002
320853	331	490614626
322381	516	902586118
322381	530	927748565
322381	473	821507971
322407	122	154379690
322407	297	484852489
322407	62	39597412
322407	373	635345993
322407	401	688914424
322407	491	854895646
322407	568	983306587
322407	581	1002893288
322430	338	555468849
322430	95	108626551
322430	144	195124617
322430	152	209032657
322430	174	246864878
322430	491	851633284
320853	247	348883146
320853	80	74998607
320853	317	468039079
320853	318	469598980
322431	752	1328533361
322431	486	830745554
322431	779	1377943408
322431	429	738844693
322431	618	1075495224
322431	623	1085691623
322431	417	720195815
322431	90	146707309
322431	345	602440628
322480	134	146326151
322480	354	564990864
322480	164	201576343
322480	236	337438719
322492	307	519190475
322492	1243	2174771171
322492	1243	2174688552
322492	1352	2341953110
322492	226	385536287
322492	57	97830335
322492	154	266153657
322492	1211	2123884665
322492	416	717274646
322492	416	718381185
322492	113	195248666
322492	1167	2050848324
322492	255	433721076
322492	579	1000531796
322492	1048	1848012152
322492	669	1147185710
322492	746	1284878105
320855	449	688050989
322599	136	193902782
322605	9	15272999
322605	206	396948655
322605	242	463485138
322605	14	25116315
322605	14	24612878
322605	127	244981085
322617	25	41168751
322617	32	53139369
322617	163	268263180
322617	317	546873557
322617	378	651592287
322617	384	662570098
322617	412	709228648
322617	485	823766397
320855	336	526680640
320855	433	665409961
320855	459	705384069
320855	541	842506595
322617	443	756808779
322617	450	769374355
322617	329	567730974
322625	397	674967945
322625	648	1148973097
322625	142	194336039
322625	116	147991715
322625	855	1514170719
322625	1007	1770424795
322625	460	801858053
320855	142	223460364
320855	190	301181903
322625	733	1300758448
322625	641	1136775048
322625	503	883710705
322625	1129	1989933854
322625	914	1611680951
322633	25	41662713
322633	29	48824316
322633	30	50318150
322633	38	61925676
322633	115	189021943
322633	121	198919637
322633	139	227654798
322633	182	301699577
323470	50	62918043
323470	250	455868560
323470	251	458609373
323470	264	485227296
323470	103	159828503
323470	232	419435308
323470	109	171756796
320855	405	627035179
320855	149	234969492
323471	4	8179682
323471	27	54176385
323471	152	306219544
323473	34	60304426
323473	156	291853135
323474	273	505085018
323474	49	94960955
323474	261	484597326
323487	123	177099458
320855	128	200538704
323487	249	440176741
323488	37	71904203
323488	407	734991249
323488	53	101305880
323488	201	373823511
323488	220	408926850
323488	241	446976366
323488	314	578608710
323488	391	708894793
320855	215	341216125
320855	395	612586838
320855	395	613239410
323488	272	504917133
323488	325	599586494
323488	377	687084595
323488	380	691617573
323495	76	138088528
323524	35	60525009
323524	181	343260348
323524	140	265807027
323524	283	539110877
323524	387	741744214
323524	263	501663560
320856	22	32515016
320856	66	101040957
323525	257	437774471
323525	652	1114703102
323525	513	888900986
323525	432	748788600
323525	486	841942037
323525	412	713032493
323525	225	386877279
323525	670	1143869996
323525	676	1152594542
323525	687	1172934731
320856	136	208472934
320857	1	497308
323526	50	79386607
323526	109	168856934
323526	64	101466806
323526	69	107762760
323526	234	350104410
323526	29	44981443
323693	77	88412003
323696	173	331017853
323696	46	89007924
323696	56	109276257
323696	217	412882795
323696	128	247962555
323696	154	296479301
323696	55	107916024
323696	165	315812135
320857	12	17051524
323702	285	496901421
323702	136	222361911
323702	278	483800711
323702	239	405631804
323702	123	202494383
323702	119	194585752
323725	103	159361394
323725	219	380915515
323727	230	427937447
323727	233	433265881
323727	391	719943315
323727	131	242552204
323727	364	672345178
323727	31	50235377
323727	158	294275355
323727	821	1479518160
323727	372	687500109
323727	839	1509293167
323727	778	1405941286
320857	271	404121027
320858	3	4347439
323755	31	23130977
323755	842	1538349584
323755	237	378724824
323755	909	1652497847
323755	60	67634457
323755	126	187569083
323755	85	113905839
323755	179	280124516
323755	566	1029459800
323755	217	344542056
323755	927	1683453244
320858	118	185850127
320858	160	248036502
320858	187	287548006
320858	198	303603433
323775	50	28514826
323775	99	111398947
323775	143	188205420
323775	95	104742199
323775	109	127887023
323778	39	75678657
323778	104	203844404
323778	434	838730982
323778	669	1261691887
323778	738	1379310886
323778	91	178340692
323778	380	741396531
323778	477	917893741
323778	594	1130873751
323778	717	1343198594
323778	558	1066598507
320858	21	33998812
323790	853	1528202741
323790	162	219040180
323790	316	523890691
323790	487	864924327
323790	658	1181808371
323794	9	14807170
320887	107	110128379
320887	150	179284326
323841	190	279971723
323841	339	567158505
323857	168	311108404
323857	257	466201606
323857	47	85149216
323857	286	505915985
323940	54	31170820
320887	311	438122978
323940	139	190637258
323940	191	290786665
323940	222	346759920
323940	1154	2121663015
323940	127	167627061
323940	733	1335453830
323940	859	1569463323
323940	912	1664318281
323940	1355	2482561163
323940	1396	2566067483
323940	547	975389652
323940	402	688784093
323940	457	797490226
320887	243	328015883
320887	246	332552557
320916	5	2461268
323940	674	1226080105
323940	1317	2409111912
323940	1345	2460677594
323976	49	48930414
323976	53	56973398
323983	130	258965169
323983	14	28641182
323983	40	81412622
320917	910	1466645405
323997	244	455483338
323997	374	697698658
323997	444	829756511
323997	57	110352328
323997	276	510482141
323997	387	722854624
323997	446	834017549
324021	539	963026516
324021	774	1411819818
324021	169	243511944
324021	178	259848413
324021	801	1460598298
324021	593	1071513945
320917	814	1327607408
324021	523	931425051
324021	622	1126421938
324021	367	620470773
324021	446	771266659
324021	796	1450681072
324021	628	1137835047
324022	305	557558560
324022	113	200989827
324022	165	287613182
324022	367	670499858
324022	139	245363943
324022	167	292402192
324022	200	355517192
324022	200	355146498
324022	318	581368801
324022	468	835920161
324077	611	1097170193
324077	462	807106554
324077	285	448961833
324077	617	1109501416
324077	638	1151142870
320917	896	1446294103
320917	144	233305024
320917	952	1525045841
324077	276	431070015
324077	222	334659807
324077	563	1002193749
324077	563	1001693828
324077	504	886412112
324201	166	297333967
324201	261	492906107
324201	81	123774032
324201	116	191276622
324201	246	461812738
324201	1035	1979968034
320917	25	37604039
320917	696	1147258436
320917	1909	3002163872
324201	1074	2047627275
324201	1363	2562806544
324201	1180	2224691008
324201	1192	2245326611
324201	953	1829761814
324201	1254	2358314915
324201	1124	2134075732
324202	132	109850690
324202	119	99226817
324206	3	3194482
324206	111	149538653
324209	8	9260108
324209	23	28405436
324237	236	401146330
324245	254	457735937
324245	1261	2328445975
324245	225	403311287
324245	640	1219859404
324245	640	1219299463
324245	339	636441439
324245	251	452282339
324245	199	350763327
324245	808	1515919830
324245	214	380309383
324245	1588	2952804716
324245	732	1384487646
324245	1410	2619393582
324245	389	737001513
324245	746	1410433766
324245	1230	2278922156
324245	1569	2916919342
324293	377	671122973
324293	859	1595185797
324293	1493	2753455737
324293	96	114995912
324293	131	174244612
324293	102	126749891
324293	105	131158407
324293	1112	2063459711
324293	900	1666718467
324293	644	1203014849
324293	665	1241987484
324293	2063	3651082844
324293	1426	2622157069
324293	778	1452705950
324293	1104	2049452858
324293	1213	2235808492
324293	1099	2040223382
324293	1647	3029460090
324293	1754	3205429020
324293	1012	1882039171
324293	2156	3770933030
324293	2251	3887476977
324293	1913	3444577779
324293	2268	3907320335
324293	886	1640204892
324293	1457	2682496866
324293	1902	3429640449
324318	95	199247917
324318	169	347434052
324318	255	519576050
324318	114	237153459
324420	81	170041321
324420	86	181631952
324420	315	655885913
324420	123	260495796
324420	151	317906482
324420	601	1223636885
324420	336	699093924
324420	471	971614114
324420	573	1169093484
324729	13	14638326
324729	109	137060518
324747	164	194465993
324747	175	214317835
324747	177	218043439
324747	275	416463618
324747	358	583484147
324747	545	969768896
324747	309	486500237
324747	704	1274894955
324747	370	606775739
324747	682	1237465813
324747	719	1302483775
324747	1081	1985671911
324747	952	1741688257
324747	954	1744895321
324764	7	10814574
324764	19	30618072
324764	63	106977324
324765	254	502019715
324765	305	596324261
324765	321	625545084
324765	163	323763124
324765	237	469019441
324769	227	345927071
324769	313	465548405
324769	314	467514294
324772	46	57853008
324772	61	77289784
324785	199	233245479
324785	431	707372921
324785	442	730101237
324785	140	121543639
324785	101	48546962
324785	128	97237354
324785	343	523989628
324785	502	849660883
324791	532	962653591
324791	812	1497049620
324791	166	293371937
324791	440	807467052
324791	950	1744882872
324791	515	934433764
324791	291	535948126
324791	569	1028966969
324791	1147	2061960501
324840	49	93721149
324841	568	1061395017
324841	16	27317043
324841	283	538773118
324841	252	480416277
324841	303	575433666
324841	333	628970047
324841	866	1590607141
324841	1207	2217921154
324841	521	974390706
324841	190	363381913
324846	46	70780499
324878	414	734524452
324878	429	762425650
324878	84	73517920
324878	462	824332758
324878	766	1387083137
324878	905	1654501158
324878	1218	2252969574
324878	455	811106383
324878	458	817392491
324878	262	426937109
324878	863	1574014369
324878	1198	2212252417
324878	624	1134302214
324878	416	737849442
324878	1675	3093604636
324878	679	1235513115
324878	1293	2401840308
324878	1721	3171101600
324897	51	45103596
324897	92	122564649
324897	158	248755572
324897	133	195701252
324970	295	523038824
324970	478	869840210
324970	55	95619676
324970	58	100980689
324970	262	464630488
324970	161	274969452
324970	669	1232077452
324970	1561	2895935371
324970	625	1151035577
324970	1380	2564776559
324970	1168	2139386371
324970	1062	1960218366
324970	420	758640098
324970	1517	2817538820
324970	1258	2324037354
324970	923	1712763201
324970	1967	3519785709
324970	1349	2505022035
324970	1698	3125192464
324980	337	584292366
324980	52	31174605
324980	168	247276972
324980	374	658989501
324980	211	327491140
324980	77	76544000
324980	240	387943973
324980	361	631730644
324980	820	1526846455
324980	1033	1916290309
324980	1052	1951695933
324980	1374	2518580385
324980	1061	1968707729
324980	1111	2059293528
324980	1545	2849886356
324980	1240	2285022762
324980	1405	2581046770
324980	1468	2705176299
324980	709	1327466081
324997	133	180816594
324997	103	121409777
324998	93	186437579
324998	194	396283896
325000	129	241150381
325000	229	419042475
325000	339	626818195
325000	93	173784129
325000	317	584706763
325000	332	615043455
325001	297	525231606
325022	416	668477009
325022	622	996926752
325022	1112	1628266734
325022	717	1133591655
325022	202	299951187
325022	288	450857169
325022	350	555515291
325022	138	182129949
325022	160	224853864
325022	496	801214858
325022	110	130231486
325022	705	1117015396
325022	708	1121806221
325022	552	889041192
325022	1207	1730741506
325022	1124	1640938626
325022	1450	2071521727
325022	1083	1595311443
325022	1569	2299510194
325022	1357	1912141727
325057	56	33556016
325057	137	181147347
325099	26	48764503
325099	16	29299425
325099	294	592180664
325099	375	762054723
325099	217	435415285
325100	5	9875778
325100	157	316263181
325101	358	663119350
325101	312	575040321
325101	346	640734657
325101	332	612800824
325117	102	189200512
325117	150	277751907
325117	267	480379381
325117	419	722624275
325117	166	306622546
325117	209	381652127
325159	83	58547298
325170	4	5169188
325170	209	394163571
325170	31	58394203
325170	93	178028849
325170	563	1045225622
325170	563	1045419441
325170	123	235303948
325170	203	381367347
325170	297	551825969
325170	956	1787774247
325170	167	313575741
325170	996	1863355771
325170	910	1698878780
325170	510	949790900
325170	473	882848625
325170	924	1727818110
325170	1020	1907010912
325172	181	281988696
325172	298	453581215
