301664 41 10401499
301998 1312 1072045872
301959 831 901008804
301567 236 230046645
301397 470 346865022
301283 829 674745788
301330 90 77792178
301447 225 205045694
301472 216 197670322
302393 92 109395109
302526 52 48778942
302635 1281 1114177909
302131 72 37317074
302328 661 569720971
302392 180 208189110
302322 862 675192703
302472 302 381050047
304738 474 799136852
304671 428 683047400
304616 458 729013901
304158 1236 1551055132
304169 487 764595338
304169 1027 1470312745
304125 783 1158042283
304120 119 232877671
304144 488 824347055
304663 25 47021687
304562 252 353795840
306095 83 110726420
305045 864 1339882499
306042 168 325712599
305045 449 758687924
305366 1168 1545130981
305202 571 861421259
306092 618 1139577886
305366 507 817241897
305589 370 706049309
305517 63 109497212
305842 95 113314862
305112 219 304053089
305377 44 78433412
305821 590 990724787
305081 118 131642134
305314 27 31689418
316114 294 314667789
316153 201 281205575
316380 671 523614216
316082 384 488664165
316217 143 168245012
316766 1243 1710622035
316766 1017 1403156441
315322 1157 701120761
316058 348 434636004
315489 703 379333446
316569 327 400382927
316240 774 1090830534
316218 397 552070636
316216 274 358555766
316995 620 929681971
316722 369 494131849
315800 328 408260969
316505 1210 1586300497
318876 125 183144666
318877 404 591221686
317527 960 1364338434
317663 255 368092640
317663 585 889978940
317291 563 756517551
320038 345 505331046
320040 273 430470601
320064 122 198069715
320065 140 228264493
320025 38 61319000
320038 211 290207164
319639 1403 2047475472
319524 1192 1779257901
321755 107 136932755
321909 625 1050558222
321973 327 554646657
321973 223 354374200
322113 90 89692065
322252 648 1142569502
322179 1392 2385035119
322118 83 150309010
322319 73 119636757
322431 269 469677959
323423 35 35952101
323526 329 479868390
323702 30 47935499
323702 664 1148869677
324318 287 582515438
324293 316 547681595
323997 379 706669715
324077 566 1007382433
324747 791 1435031796
321138 490 702570317
321283 234 341057104
321305 509 827552508
321415 623 981848083
