run   lumisection evt
297100 179 322138114
299149 304 407829374
297722 286 433351486
297113 14 24742348
297219 952 1671584477
297467 121 182348997
297503 228 418061020
297503 452 828780108
297558 21 22690376
297056 88 118031147
297219 43 85206920
297178 1278 1461536934
297485 295 517857488
297433 81 126982150
297434 90 134020384
297505 370 544654621
297487 368 481055631
297434 68 102180459
297558 119 193805862
297483 172 231525194
297484 175 332805337
297178 14 19264423
297178 896 1083759130
297178 953 1142374358
297178 959 1148967304
297101 176 248990745
297411 914 1516851533
297101 508 672905464
297101 487 646849074
297488 123 142962982
297411 43 21822554
297411 160 236225550
297411 872 1452010854
297411 490 796517177
297467 105 150342921
297433 125 195047612
299067 36 40446039
297722 207 297654333
297296 216 313563000
297219 1912 2838583826
297605 201 296683715
299185 73 112257190
299149 416 591848052
299184 46 70849004
297656 210 336740160
298996 195 204437288
299149 54 31981535
297467 76 94336164
297468 53 95816509
297468 55 99338965
297503 439 804755933
297485 229 393906451
297562 340 532060448
297411 508 829708731
297101 611 795000641
299067 437 531309857
299184 251 403926717
299184 372 615839767
297101 673 866098504
297425 49 78691038
297620 238 345609994
297620 279 408979851
297175 64 109467600
297292 64 119199303
299064 79 121832223
297219 1645 2550468624
297469 14 25404291
297486 196 329469716
297219 1880 2806170096
297656 79 95642227
297675 413 701840364
297722 138 172669019
298996 135 121252788
297722 274 412793589
297604 319 515048790
299067 273 343172424
297292 430 775372536
297292 498 898689305
297723 138 257851935
297293 21 32345101
299149 76 67865319
297296 76 111477169
297675 368 628390223
299062 152 254043304
297424 48 41790440
297424 92 120513317
297425 56 90141148
297606 126 160401364
299067 262 328042656
297603 103 173659400
297722 152 197083586
299369 22 21938367
300400 617 910097195
300401 357 423210465
299481 491 561118286
300365 1 347264
300400 384 565555442
300464 14 19152944
300462 18 24358204
299593 402 490959636
299481 646 725748949
300466 172 235555537
299481 874 957111617
300389 136 220808445
301323 281 276546007
299597 51 55676694
300400 87 124720453
299594 225 282744031
299597 265 288396008
300400 178 269665300
301330 94 82856337
299593 380 456002709
299597 27 27574772
299597 389 413206937
301330 114 106299504
300461 84 124654337
300401 465 548233645
301298 748 713495993
301323 179 164085690
301298 936 869796880
299370 489 627391939
299369 109 150729462
299593 636 820654733
299593 224 228069752
300400 566 837056720
301323 579 567282552
299593 756 987138281
300401 22 9386465
301323 462 455405016
299593 825 1085426313
300400 24 33879373
301323 61 29466793
301323 672 651518027
300401 234 277042316
299597 432 455132999
299595 44 52484517
300389 104 155958901
300463 116 170973974
299396 25 43712179
299396 37 60484905
301323 833 792239170
301330 135 129417334
299594 279 348639312
300401 70 71158042
300463 76 110275769
300401 501 589042529
301298 641 618393513
301323 715 690089547
299597 148 161471243
299649 167 228862583
299649 271 381243221
300106 59 100446501
301998 369 353990214
301998 416 395837511
300105 9 5984407
301998 122 124232685
300107 13 21024219
300107 37 59958325
301391 88 55779244
300122 148 177141523
300122 1066 1455569420
300122 1110 1508096508
300122 168 208106346
300122 916 1264130724
300122 1125 1528104748
300156 46 52053850
300123 591 637571640
300122 1040 1423285691
300123 193 225862213
300123 422 466122827
300226 117 114133986
300785 1151 1325698655
300284 679 886270603
300284 517 695475078
300811 398 664074812
300811 398 664158395
300123 311 354938936
300157 34 31632520
300817 348 487835794
300817 414 573992913
300237 446 625889230
300240 129 113567804
300155 350 458904508
300155 380 501702333
300155 851 1149280770
300155 853 1151814308
300155 727 979282735
300240 156 138329354
300155 1200 1597362832
300237 316 445239706
300155 222 273927152
300155 422 557516718
300236 72 92841346
300236 120 161187857
300238 278 279993449
300240 125 110611048
300240 127 111786528
300237 467 653581077
300237 482 673057359
300155 510 682794398
300155 529 710086270
300155 506 676095104
300155 1220 1621347236
300238 66 42857411
300240 220 197028057
300155 1017 1371827407
300155 1087 1460557630
300237 504 701601353
300237 522 725278274
300240 40 29634817
300155 801 1078405981
300155 1156 1545212213
300226 154 168574935
300576 532 795669685
300226 119 118223337
301524 18 16662426
301532 38 24999856
300806 57 31355204
300811 130 219084341
300811 208 358654994
300576 755 1116262179
300400 126 187754644
300280 82 53026589
300122 551 767290684
300777 377 575448350
300459 55 41459917
302029 50 60379320
300497 121 153141441
300497 132 172234951
300466 524 661780829
300459 100 122902459
300466 439 565737986
300466 444 570026091
300514 128 166153330
300516 56 69672448
301531 120 89188379
300515 32 55556920
300516 24 28910988
300282 16 22798551
300806 104 114415121
300466 398 515850640
300466 406 525065726
300466 481 614376555
300514 60 50873411
300466 489 622806741
300467 166 170237583
300467 278 279663748
300467 281 283154508
301959 919 977672994
301476 714 532039794
300467 363 361525211
301524 128 117641294
301959 1681 1552771112
301519 187 147619861
301998 22 22513013
301519 99 57411916
300497 72 76749320
300811 319 540249348
301998 40 41202088
301959 530 612623568
300514 98 113841467
301519 214 175526229
300515 417 685595082
300515 658 1049751395
300284 298 415215185
300157 488 513506063
300515 553 893229399
300515 655 1045045840
300515 749 1182527692
300515 751 1185274104
300515 1006 1552317109
300515 1007 1553170300
300515 760 1199643418
300558 262 371459612
300560 29 34223049
300517 576 669905343
300576 224 344451483
300576 232 357479174
300235 8 10494953
300811 419 695662523
300558 9 4522966
300560 130 155977636
300560 219 259886564
300558 90 117860835
300558 376 528734715
300558 394 553985665
300560 265 313171176
300633 445 667222817
300558 470 657411719
300560 302 354703612
300560 742 819909801
300631 93 63376385
300636 1500 1687560873
300636 1352 1553966735
300636 1534 1717287445
300574 22 3093336
300636 674 860930819
300576 271 417477227
301694 90 100290501
300576 137 202624660
300576 353 538291759
300576 402 607185326
300574 77 94052039
300576 410 618818846
300576 46 65962019
300636 1066 1279959548
300636 908 1118299607
300636 957 1170268680
300576 1186 1664364011
299369 175 241839645
299370 138 150005084
300636 648 830404455
300636 58 83089494
300576 1073 1526173223
300636 591 765225745
300636 632 810966861
300576 1093 1550062371
300633 367 552548971
300636 141 199969773
300635 100 138619594
300633 419 628463923
300636 332 451122462
300631 211 265348486
300236 52 63062516
300280 242 292753487
300284 278 389016405
300633 169 260683979
300633 386 581590804
300633 398 598850148
300636 205 284508956
300636 1194 1406340698
300636 1203 1414036945
300780 304 441504498
300742 111 114512449
300742 175 233314003
300785 420 544969309
300742 266 396344677
300742 335 518188411
300742 281 422667921
300780 94 138020463
300777 177 268386592
300785 12 15571134
300785 376 490976198
300777 118 164218875
300777 252 386254133
300777 272 417051564
300785 665 830910336
300785 711 881709045
301142 565 478097651
301142 34 34102053
301142 130 127179579
301142 187 180701493
301142 730 590236653
301161 440 372033322
301161 685 574286837
301183 89 78852205
301142 357 322092664
301161 388 326238245
301183 226 203242614
301161 124 84270287
301161 593 502136328
301161 132 92222232
301985 136 147094545
301283 35 31904439
301283 100 92360466
301283 501 427606903
301986 270 235684604
301180 85 86948351
301997 112 98617131
301997 298 315850288
300806 113 130304168
299479 11 12452793
300122 708 986351580
301984 70 73970356
301985 236 249188288
301281 131 94646525
301283 194 175806924
301283 540 458705321
301283 659 550544794
301984 59 58714055
301997 336 357302841
301283 847 686916294
301984 156 185005720
300459 248 373556033
301986 166 148411651
301987 567 414842288
301985 286 296702164
301985 313 322513452
301985 314 323854105
301997 124 112762832
301532 40 26502992
301524 185 167938796
299450 84 68538639
300777 371 567749660
301997 393 418524431
301323 602 589109669
301330 151 148321205
301384 341 379561068
301391 197 179668861
301384 149 175608976
301142 247 232886033
300122 570 793894562
301359 102 75996489
301359 140 121759249
301359 191 181231493
301399 65 41189638
301384 405 444347877
301392 357 353028248
299370 524 673769528
300157 919 915368924
301391 103 73248189
301392 58 60755953
301384 226 260591157
301384 398 438180148
301384 471 509228473
301392 444 433904225
301397 226 168436072
301397 226 168567548
301397 585 427346828
299478 103 147227544
301472 316 302445515
301476 95 75868178
301472 722 687018994
301959 1111 1133670327
300157 231 248627746
300280 313 387300169
301449 115 90091760
301476 219 171171183
301447 296 277949299
301447 478 455055403
301627 829 686207310
301472 792 748561833
301665 143 125844743
300282 165 235835615
301448 312 266391054
301664 322 299262348
301914 263 176448120
301912 158 110686802
301461 413 399687576
301941 504 469573563
301627 296 260466279
301627 258 223451834
301664 379 352283085
301449 254 197773184
301627 925 753113047
300237 659 895597524
301984 211 251791067
301665 374 312174362
301627 235 201008761
301914 5 3630655
301941 568 522040691
301449 168 132805845
301448 76 67624105
301959 1645 1528941008
301472 71 37976196
301627 766 641139243
301664 100 74504116
301959 1511 1436872158
301627 667 568265518
301912 363 281166413
301912 363 280585566
301941 396 374843620
301665 213 183477482
301627 577 500397129
301914 55 39553349
301627 165 129035093
301472 480 462672846
301627 156 118808118
301627 492 433448625
301627 617 530331172
301627 276 241249034
301959 1458 1399522964
301472 791 748329487
300785 852 1025118405
300785 977 1155152614
301476 5 3392064
301472 210 191702736
301959 402 472553720
301472 439 423126458
301664 232 209852616
301664 246 224022371
301998 1515 1199244563
301998 1373 1111278650
301531 212 156861816
301530 17 13155005
301530 18 14008406
301959 801 874616724
299481 81 96963189
299481 85 101556623
300233 117 126744100
301532 522 319701650
301959 835 904998973
301998 1418 1139568586
301998 1420 1140990817
301531 244 179115337
301532 348 219643292
301567 190 184048189
301567 333 327171249
300122 490 677911952
301567 225 219209647
301532 440 272950877
301567 171 164089867
301941 93 76815212
301941 387 367100883
301913 21 15647493
301959 1116 1138404648
301959 139 155163326
301959 59 41615942
300280 186 220337959
299480 597 845301161
301959 425 498798151
301959 1637 1522961384
301959 198 229612976
301970 100 115989335
301959 952 1005458186
301998 1146 962175673
300811 68 110169877
300284 736 952760207
301987 369 279260668
301998 378 362499521
301998 535 496185524
301998 551 508913689
300235 152 231203693
300284 168 240697252
300284 170 243095649
300811 425 706100749
299478 124 182589540
299478 125 183104307
300226 166 190416431
300233 56 16713291
300280 315 389480465
300811 340 574393014
299370 292 365748154
299370 325 410598823
300122 587 819766898
300284 656 858791853
300226 336 455820279
300235 4 4206645
300280 282 336408517
299480 16 23074685
299480 133 196057545
300777 413 631592925
300226 271 356511888
300816 32 44805054
299396 54 84509259
299370 154 169710017
300237 63 92699329
300284 533 714954185
299481 52 60843636
300785 772 940546866
299480 353 504179902
300284 96 138500039
300226 313 423575801
300237 223 317825596
300284 39 57270914
299480 365 521461295
300284 629 826274215
300157 714 728717072
300811 390 651902629
300811 283 484578397
299380 189 229711243
299395 71 102599930
299481 107 128868684
300812 2 1202003
300284 339 469172063
300157 115 122421579
300157 400 424394825
300157 794 803456654
299481 68 81151170
300811 176 304619758
300817 56 76673481
300817 470 647982261
299481 160 191052435
301330 251 255201583
299368 146 151257179
299481 392 464485543
299481 536 609253054
299594 195 245773310
299594 196 246692418
300464 146 214098162
299481 1147 1190704182
299481 756 839836261
299597 526 540457463
299593 338 392808496
302031 279 300861906
302240 20 23130030
302494 32 27373761
302494 557 457429306
302228 235 206470505
302485 503 600166849
302485 221 281959174
302225 561 495989602
302485 817 918883014
302228 71 18896562
302228 105 57650539
302494 345 291219175
302042 15 10252637
302042 177 122269648
302042 193 132667824
302485 230 293127307
302240 699 673419193
302263 87 85695753
302240 362 379261682
302240 397 412314907
302240 422 435124450
302031 608 614797346
302262 332 355518340
302263 454 410220613
302263 547 485407670
302240 907 841386153
302240 959 876630528
302262 264 280077705
302263 706 612568592
302262 66 46343245
302262 113 104935352
302262 198 205729693
302262 202 210987272
302262 211 220729905
302262 458 489049565
302263 678 590488588
302263 925 776802724
302277 293 287807317
302277 297 292143041
302263 1043 860592811
302263 658 574422480
302279 35 18668299
302263 691 600717176
302263 875 739959748
302277 28 16366279
302277 351 340722111
302040 165 125535181
302277 78 73305384
302277 109 106215695
302344 449 390140460
302448 187 219765807
302448 993 1084950715
302393 64 76304353
302393 790 825936404
302393 397 443484016
302448 1624 1601919611
302448 1251 1306332656
302448 1531 1529898071
302448 1678 1643748179
302472 503 618146600
302448 1910 1811880065
302448 626 722086951
302031 392 413053585
302031 650 651449417
302472 209 260574287
302448 489 577246936
302448 1332 1372367636
302448 506 595899654
302448 638 734959363
302448 643 740802866
302473 9 8303827
302042 205 140594544
302479 100 96208238
302479 101 97838447
302479 148 168530977
302472 339 426246268
302479 110 111542990
302479 126 136179490
302472 238 299850361
302472 785 919012080
302472 604 728579298
302472 760 894052612
302473 202 197863917
302448 1750 1698090114
302043 60 34639419
302472 134 159504667
302473 92 91187544
302572 205 234566218
302573 256 268966126
302474 118 100799183
302479 269 340946721
302479 46 22721582
302479 186 224716976
302473 155 152926826
302573 184 194744721
302573 877 826415691
302479 179 213891688
302328 305 260582872
302328 401 346965101
302573 189 199717153
302572 210 240358349
302573 235 247083879
302663 476 576350817
302548 56 19922969
302553 107 136018960
302031 465 483388131
302392 114 112175704
302634 474 574769210
302651 74 106118187
302525 319 407288329
302634 301 361718995
302526 298 275928449
302596 594 690805815
302597 19 17581607
302597 350 309953756
302596 115 110579984
302596 533 625410571
302393 141 166372846
302663 293 365342005
302525 293 376472553
302525 307 393785953
302596 120 117678023
302635 293 299615101
302596 774 882324467
302525 652 767217051
302526 224 209979890
302526 306 283039383
302663 375 461394515
302597 601 514281157
302322 366 301063094
302388 289 342714876
302635 857 791581183
302597 377 332911781
302635 977 886974530
302663 659 774632374
302573 122 128575929
302573 157 165834649
302573 1073 979197670
302573 481 487062796
302573 1113 1010557698
302573 372 384222942
302573 1050 960608416
302573 730 704049155
302572 180 206425953
302573 217 228831295
302573 1269 1125164884
302573 78 81569767
302573 1054 964071995
302573 634 622559256
302573 974 903027047
302596 336 395641202
302634 139 146412552
302597 44 41266812
302597 69 63839102
302597 230 208856396
302634 436 528997426
302635 968 880334842
302596 975 1083805876
302635 57 60100024
302635 321 326671554
302635 1043 939665519
302635 1044 940397253
302635 180 187956406
302635 616 592392641
302635 703 665999678
302663 188 240109239
302663 326 404023819
302322 173 131683190
302322 542 443785152
302131 157 127373303
302163 340 311890924
302163 473 430697444
302322 801 635759926
302131 557 493975250
302031 96 109230482
302031 96 109216553
302031 43 49391362
302388 164 186404623
302131 847 721360443
302163 597 538915610
302131 791 679374780
302163 217 195650371
302163 654 585963693
302328 596 516248941
302344 10 8023863
302344 432 376176684
302131 517 459395283
302388 523 602207823
302163 532 482898886
302163 1006 849416433
302392 286 352716926
302393 808 842120792
302131 610 537414033
302388 320 379067437
302042 133 92690233
302042 433 285955113
302042 481 314779980
302344 301 268089757
302337 131 111711127
302388 494 571098506
302328 298 254105711
302388 62 48279878
302392 329 408515640
302337 63 35569278
302031 80 90647718
302163 413 377945614
302473 61 61210100
302344 450 390522473
302388 700 780963600
302388 707 788701968
302225 117 78814590
302240 240 260938082
302494 79 68890846
302494 229 195477285
302225 347 311088382
302494 246 210012150
302240 82 94881032
302042 288 194193466
302225 192 159938202
302240 150 169534621
302225 798 690374752
302228 114 65232227
302229 281 272808455
302485 193 248272329
302225 303 269791417
303885 546 788505795
303885 824 1170656426
303885 1250 1649372738
304200 140 269995542
304200 118 227615428
304738 901 1537896697
304204 392 617340693
304654 426 684700982
304661 92 98315971
304292 348 691682631
304292 385 754368514
304366 821 1379738336
304333 631 1014387737
304333 816 1341211525
304366 517 845207205
304292 605 1112552746
304292 548 1024243023
304333 365 544975893
304366 1119 1811857744
304366 1524 2271862136
304447 673 1184404667
304333 279 422296170
303948 1192 1750262843
303948 525 849545638
304366 425 694584042
304366 610 1019589910
304333 711 1162146225
304333 1291 1987658525
304292 1105 1725561181
304366 482 785581721
304292 788 1365614567
304292 1092 1711935731
304292 1099 1719043059
304366 994 1641354321
304366 1845 2564710713
303948 338 530340026
303885 1460 1853181588
304447 43 78350927
304447 171 293685175
304366 1322 2056845115
304366 1332 2067867782
304333 970 1578210524
304333 973 1582116245
304333 1130 1794682894
304446 78 90129966
304447 12 21779374
304447 12 21589266
304507 38 37657023
304507 43 42312056
304507 125 144875583
304447 970 1604204240
304447 1278 1963811093
304447 1245 1928109666
304447 1343 2032695480
304508 1129 1362513494
304508 1232 1446863642
304447 1416 2108543594
304508 266 412966041
304508 291 448699445
304506 281 454706694
304507 151 178269414
304507 154 181850632
304508 349 529213831
304508 643 889245321
304508 648 894512837
304507 201 244970394
304507 202 246439915
304506 241 392704383
304508 99 159065059
304508 140 222351550
304508 686 935537873
304508 781 1035182887
304508 903 1157105981
304508 1239 1452730035
304508 1242 1455166064
304662 28 34944683
304738 61 108791092
304797 483 868261386
304797 510 913525075
304797 526 940265805
304797 577 1030916064
304797 1585 2510601708
304797 467 843615833
303885 1512 1902335940
304797 1590 2515385712
304797 1330 2228546873
304797 1527 2450217431
304797 2511 3291772870
304797 2868 3521161330
304797 1911 2815790449
304797 2036 2923523698
303885 95 66532949
303885 152 159965212
303885 229 292182033
303885 282 383881549
303885 100 76099977
303832 422 530066637
303838 918 1295667271
303838 542 808491895
304062 132 135930024
303838 145 176712580
303838 1633 1985279633
303832 356 442277713
303838 230 327548219
303838 1592 1951779227
303825 8 6121368
303838 1338 1729485538
303885 129 124291102
304797 626 1131207656
303832 418 524038289
303832 467 586962410
303838 288 426206007
303838 1582 1942748462
303832 1542 1613809890
303832 580 721853498
304797 653 1184056195
303885 1542 1929403831
304616 368 583081316
304671 522 838081550
303832 660 812330484
303832 663 816230513
303832 864 1027111360
303832 1017 1176511963
303832 486 608843930
303832 973 1134677376
303832 1314 1435228057
303838 1497 1871146120
303838 1349 1739599891
303838 2001 2264542547
304797 1366 2270969878
304797 2913 3550430059
304616 473 758290296
303838 854 1219371446
303838 1170 1564024436
303838 1172 1566067419
303838 1913 2199654029
304616 893 1469514573
304671 1127 1822740744
304616 688 1147812816
304671 177 259409865
303885 912 1279706784
303885 523 753826190
303948 596 958151500
304797 2163 3029991441
303948 294 455655282
303885 1525 1913994389
303948 355 561276289
303948 1552 2116197321
303999 18 31423815
304797 180 322295788
303998 91 76277487
304797 263 481435881
304119 76 51814039
304062 377 569250293
304062 554 851874434
304062 467 716305602
303999 86 152220149
304797 412 745210317
303885 1638 2013171190
303999 165 285762570
304062 311 461128650
304062 803 1202754670
303999 394 643955529
304062 546 840157623
304062 959 1398644204
304062 1612 2066367139
303885 1672 2040424170
304062 1604 2059290243
304062 448 689608751
304062 1386 1857097267
304062 1876 2282565406
304125 166 300280978
304125 548 865851760
304354 195 225953517
304062 765 1151283305
304120 208 398236335
304366 133 213225501
304120 247 472508014
304125 544 860628016
304209 145 200788098
304144 332 530272166
304120 187 359041562
304125 1652 1975600305
304354 124 99023559
304125 251 433442175
304209 416 718432421
304125 396 655181257
304125 973 1365049316
304366 151 244520453
304125 604 936256306
304125 721 1084195640
304125 1601 1932833154
304366 165 269779445
304144 317 503718125
304354 86 26719576
304354 165 172094114
304125 1069 1462449038
304125 1477 1834543799
304209 289 476419744
304144 515 880227570
304144 692 1224033425
304144 1106 1877596120
304158 198 81637545
304144 2452 3206516956
304144 1810 2672845528
303885 2020 2304188942
304144 2032 2872950136
304144 2155 2976282020
304144 2336 3120418123
304144 2339 3122814977
304144 1221 2035286587
304144 1683 2551388100
304158 1724 2006961352
304200 284 533153317
304663 208 365309389
303885 867 1225814127
304671 96 110633094
304671 96 112325698
304663 36 67421217
304663 110 187391959
304200 292 546488280
304655 231 391325217
304291 74 48425863
304655 142 246950867
304655 512 782833958
303948 1446 2016379843
304655 389 622226238
304655 514 786306700
304204 210 279290159
304661 84 82416060
304661 86 86289851
304292 109 231151148
304655 650 950992351
304663 469 829796258
304662 42 59013217
304292 332 666454838
304654 57 35730911
304654 383 619648000
304209 110 133036050
304655 2 2990030
304662 25 32171609
304655 27 48725274
304366 204 341197097
304655 258 432763802
304655 328 535002663
304655 409 650704490
304655 454 709175768
303948 379 603779951
304333 255 382985421
304333 246 365821495
304292 1564 2155204805
304447 185 318067047
303948 1127 1677083122
304797 443 798229093
304447 425 753192858
304366 1601 2348325902
304447 289 483902100
304447 344 599487907
304366 465 758107641
304447 695 1220307286
304447 744 1293528193
304447 82 150970121
304447 952 1580016166
304447 1392 2083524912
304447 1048 1700906629
304447 1515 2207537978
304508 344 522187251
304508 360 543921847
304506 27 46915849
304508 1278 1484174534
304508 889 1143647073
304625 145 158048710
304562 271 385823104
303998 68 33387693
304562 487 769037460
304562 177 242360118
304625 467 707164984
304625 341 500758946
304562 584 961343746
304562 741 1269213963
304562 394 590311555
304562 396 593300073
303998 174 232857262
304625 125 125319135
304616 450 716716355
304616 453 722268022
304671 180 265535890
304671 331 525035722
304671 603 975358902
304616 505 818681408
304671 774 1282238050
304662 81 128160372
304738 120 212603405
304738 84 148415711
304062 1856 2267087152
304738 106 187840578
304738 183 321439741
304738 308 527039075
304738 747 1286743096
304738 759 1306698664
304778 887 1334676475
304777 57 96867125
304777 252 434355380
304740 64 64615029
304740 113 113040475
304777 296 495372533
304062 204 274316915
304062 749 1129665137
304797 354 637901201
304209 181 265461803
304333 197 274758272
304562 633 1055923941
304562 691 1168764165
304776 68 62844780
304778 211 391690389
304778 438 759060656
304778 156 295791835
304778 364 646668408
304778 681 1096315820
304062 757 1140220392
303999 129 227859361
303999 453 732213596
304738 887 1516685362
304778 1275 1709852234
304738 354 601433505
304738 355 603177344
304777 9 14552580
304778 143 272064485
304738 1551 2336167909
304738 401 681853660
304778 544 915253519
304778 615 1011325638
304778 806 1246101539
304778 1205 1648018105
304738 616 1060030657
304738 616 1058701459
303999 420 682978002
304740 187 186116716
304778 619 1016672838
304738 577 986397309
304738 1250 2008683968
304738 856 1466000573
304738 1394 2171847210
304738 1200 1948559127
304738 1253 2012093294
304777 205 355138461
304778 1042 1494069308
304778 1252 1689202804
304062 1156 1618563123
304062 371 559248891
304062 1267 1734693434
304062 1659 2105277527
304062 1575 2033817920
304144 1094 1860256956
304144 372 600268008
304144 524 898551789
304144 422 694246615
304144 908 1580009629
304144 1046 1788779681
304144 1011 1736882607
304144 2406 3172881276
304144 1556 2421214779
304144 902 1571061301
304144 855 1500545312
304158 1207 1520413770
303948 821 1290709372
304158 420 457831909
304169 59 21535289
304169 127 136959862
304158 977 1253885470
304158 1395 1709955265
304158 595 736434002
304158 631 789766176
304158 879 1127723478
304158 884 1135136631
304158 1007 1292271779
304158 482 556371805
304158 1100 1404417639
304169 492 772668321
304158 532 637992601
304169 877 1298593552
303948 1227 1788192689
303885 1432 1825412625
304158 1835 2095545077
304170 271 248792712
304158 694 876766578
304169 596 932888239
304169 1411 1865378275
304169 948 1381193277
304158 2006 2228335915
303948 513 829686172
304169 1092 1541631459
304169 99 85093675
304169 1278 1731451071
304169 408 638988681
303948 1038 1572153829
303948 1205 1765126848
303948 1333 1900601270
304169 716 1099057715
304169 849 1264900697
304170 287 261928035
304170 501 436362666
305045 199 360730736
305081 849 1444223886
305237 3 5103194
305207 1019 1655403041
305207 510 801402795
305207 62 39320291
305081 972 1652357318
305183 18 29898602
305183 36 61389967
305183 182 305273377
305186 210 328161887
305186 131 203985059
305636 1290 2315944167
305636 2293 3605339264
305112 1175 1998313784
305204 520 861372976
305636 1962 3241258854
305112 749 1274586489
305112 749 1274720084
305112 834 1426495743
305112 238 342173942
305202 551 840326469
305044 181 296635499
305112 399 652855758
305112 677 1151101609
305204 108 180237696
305204 645 1030854720
305636 2354 3671519085
305204 891 1331056618
305188 939 1375319955
305112 605 1029581537
305112 1266 2128917414
305112 929 1595228426
305188 709 1092629281
305636 1043 1873639440
305112 1368 2264987897
305045 463 781575413
305202 622 958625398
305112 591 1003000299
305112 698 1183983398
305204 427 719974805
305636 2275 3585947463
305636 1793 3033953403
305112 1013 1743404258
305202 318 454621528
305112 1434 2347648383
305202 614 945369145
305202 614 943902721
305112 1324 2207098360
305046 440 459040135
305059 267 351892013
305204 442 743193005
306092 563 1046916438
305186 39 45660873
305636 1500 2637641697
305636 2003 3288478231
305202 196 241810343
305202 547 832495838
305202 345 499597947
305636 856 1508125953
305045 104 191395752
305046 333 355840573
305044 65 103810846
305204 229 389750901
305204 283 482634549
305336 51 42770123
305341 368 621703010
305336 106 145610317
305336 107 147782882
305336 93 121638399
305314 34 40802184
305314 230 265046250
305314 234 269871761
305314 376 412620951
305045 794 1250144741
305207 164 219635707
305207 294 444305161
305207 668 1043550488
305207 366 564232308
305207 271 404744023
305207 916 1468797937
305208 268 431174979
305237 7 13912624
305282 123 121919359
305247 73 54741133
305248 770 1362580673
305044 71 115119200
305045 666 1085141605
305237 28 51726327
305237 936 1764125330
305248 361 642946659
305636 436 738649624
305248 840 1469789972
305248 843 1474783840
305237 542 1018975787
305248 283 495237965
305064 112 173645100
305044 104 173525573
305590 263 367409311
305636 87 74776820
305248 642 1143650032
305252 414 483047622
305237 307 593801554
305247 206 312451616
305248 822 1442797926
305045 296 515106590
305248 610 1090203072
305590 565 729928187
305248 212 377147793
305636 238 369428427
306169 97 81100399
305248 861 1501236516
305237 749 1407030921
305248 25 44288161
305590 543 705215590
305248 388 695991163
305247 89 84893938
305247 282 459545861
305248 79 143403009
305636 155 208710570
305636 364 606416769
305248 139 237826296
305636 289 465072330
305252 514 583347423
305590 483 636635449
305310 188 277178472
305310 136 176315634
305311 95 157335151
305059 348 479953406
305112 176 221943608
305338 30 54305732
305311 17 29072202
305313 117 207208168
305341 121 211400095
305313 383 661260856
305313 565 928415690
305314 81 95923438
305341 257 436472101
305045 851 1323619156
305341 238 404044846
305351 159 283788577
305351 107 192556570
305351 373 642113054
305365 390 649957907
305365 105 180049748
305365 30 52140705
305365 346 580164898
305364 128 161491423
305518 247 472417381
305518 260 495921674
305365 187 317729249
305365 196 334056291
305365 814 1377714556
305366 740 1103598533
305366 331 564865653
305366 1097 1475137063
305366 584 914464995
305366 623 964152493
305366 456 749434027
305376 134 146585244
305377 1302 2302375117
305376 147 168826878
305377 204 358292310
305377 275 497246566
305405 65 115425031
305377 1437 2478032263
305377 1206 2169276143
305377 622 1118689439
305377 641 1156332325
305377 453 824134495
305377 1063 1950955024
305377 826 1522844719
305377 698 1268104095
305377 1509 2565019088
305045 410 698381797
305377 1123 2044284353
305377 1221 2190681025
305405 141 253716530
305840 491 903408934
305405 386 691668855
305405 443 792107166
305405 530 936843601
305406 130 224742229
305406 143 251808308
305840 34 60896489
305440 57 79452083
305441 42 71661590
305406 912 1611861746
305406 1187 1968832629
305840 586 1067033442
305840 596 1082672689
305045 739 1180657154
305862 98 58748694
305898 496 806180177
305440 37 43138840
305842 239 273909966
305842 366 408243119
305840 538 985885341
305840 791 1381550225
305842 488 535009713
305840 340 631809471
305441 113 174790660
305440 115 183523872
305902 357 554632926
305842 584 630605523
305516 108 131668260
305059 94 65284826
305518 156 300834076
305516 628 1018909642
305586 383 647756488
305589 122 232818172
305518 992 1598269052
305516 288 451336269
305516 301 476153959
305586 272 439488908
305518 546 982261959
305586 485 835889511
305114 181 204684180
305589 90 169978149
305518 451 830142800
305589 127 244399891
305589 49 89155098
305589 75 140808506
305586 178 262883660
305518 150 289396221
305517 16 22712018
305518 769 1303188706
305516 575 949146526
305045 360 619961074
305064 148 236644068
305589 265 512322554
305589 273 528254120
305518 831 1387210604
305586 304 499565859
305589 631 1151378673
305586 144 199251234
305586 541 920887924
305586 489 843090470
305114 108 124017143
305113 44 44297258
305636 890 1574714170
305821 714 1192680010
305814 250 347848232
305814 638 1019072338
305809 102 119976376
305809 175 256849496
305766 668 1169905739
305814 419 653017120
305766 116 145046988
305821 799 1350086850
305766 270 445889931
305821 698 1168128050
305821 700 1169968106
305821 421 710754213
305766 396 690301607
305766 538 936422277
305766 257 423091416
305766 438 768943622
305766 457 803700072
305766 466 820219255
305059 229 291374070
305809 164 236080649
305766 328 558361545
305766 779 1379778641
305814 532 836150032
305064 177 286903750
305186 109 161332861
305186 208 325635890
305814 153 160765558
305821 66 45957484
305821 406 684379683
305821 441 744846694
305814 554 874302030
305814 1620 2666834940
305821 211 325536067
305821 306 501028576
305814 1360 2293183084
305814 1716 2792611645
305814 477 753624727
305814 788 1295778382
305814 1268 2152695459
305821 159 227187668
305821 324 531230489
305832 169 193885622
305842 741 779742833
305862 163 186608365
305862 259 372666405
305862 434 701124100
305862 440 711270990
305840 1100 1793761728
305840 1102 1796135967
305840 411 759622450
305902 105 113915449
305114 515 529878724
305898 165 208287279
305898 209 291283389
305898 571 932553801
305842 414 456647035
305842 550 597861094
305898 722 1182836589
306042 158 306357508
305059 82 46761693
305059 104 83757804
305064 406 668617466
305059 112 96730100
305186 227 354109479
306125 1060 1915262822
306456 471 780639600
305045 522 876626866
305178 85 59395466
305064 283 470894335
305064 286 476263501
305064 306 508857265
305064 606 964596476
305207 848 1344285166
305064 1356 1774813857
305064 866 1286056659
305064 878 1299064016
305208 57 98288967
305208 353 550030801
305064 1956 2239662980
305064 1961 2243093479
305059 490 689032243
305064 1328 1749627702
305064 1416 1825948782
305081 198 285549528
305064 1645 2010111837
305064 1839 2157256232
305064 2016 2280627339
305081 319 519235087
305312 107 180812214
305336 199 323206428
305064 1761 2099517201
305081 298 478778036
305081 514 871471490
305204 1205 1658149440
305313 82 148834073
305081 562 956427059
305314 54 64317094
305081 291 463790307
305081 1008 1712576009
305081 789 1337150398
305081 720 1226149247
305081 752 1273857167
305207 54 24932484
305207 828 1309072034
305081 571 973193398
