301519 214 175526229
300558 470 657411719
300633 169 260683979
301959 139 155163326
302328 305 260582872
304062 448 689608751
304125 604 936256306
304292 332 666454838
304778 887 1334676475
303999 476 763203537
305313 565 928415690
305351 107 192556570
305814 638 1019072338
297296 76 111477169
299481 491 561118286
299594 279 348639312
300817 348 487835794
300155 1156 1545212213
300497 132 172234951
300466 481 614376555
300467 281 283154508
300515 751 1185274104
300576 410 618818846
300576 1186 1664364011
301142 565 478097651
301142 130 127179579
301985 236 249188288
301959 1645 1528941008
301627 577 500397129
301959 402 472553720
301998 551 508913689
300122 587 819766898
299480 133 196057545
300237 223 317825596
299368 146 151257179
302225 354 317430495
302494 32 27373761
302263 547 485407670
302263 678 590488588
302263 691 600717176
302479 283 358574977
302573 1073 979197670
302042 481 314779980
304200 118 227615428
304654 426 684700982
304292 548 1024243023
304292 1105 1725561181
304507 154 181850632
304507 201 244970394
304797 2868 3521161330
303838 1592 1951779227
303885 1525 1913994389
303948 355 561276289
304062 1686 2128257597
304125 251 433442175
304144 2452 3206516956
304562 396 593300073
304625 125 125319135
304616 450 716716355
304776 68 62844780
304144 855 1500545312
304158 1207 1520413770
304158 879 1127723478
304158 1007 1292271779
304158 1991 2216417266
305183 36 61389967
305314 34 40802184
305044 71 115119200
306169 97 81100399
305338 30 54305732
305832 169 193885622
306125 879 1595202365
305178 86 60308230
305081 291 463790307
297485 295 517857488
297178 896 1083759130
297101 611 795000641
299481 646 725748949
300155 380 501702333
300237 467 653581077
300636 1534 1717287445
301985 12 12107916
302479 110 111542990
302573 1050 960608416
302597 69 63839102
304292 605 1112552746
303838 1349 1739599891
304062 959 1398644204
304366 165 269779445
304144 1221 2035286587
304625 341 500758946
305112 677 1151101609
305405 65 115425031
305842 366 408243119
305589 90 169978149
297434 90 134020384
297562 265 422585891
297435 88 125866118
297178 623 792501567
297178 911 1099889470
297178 953 1142374358
297557 20 8787971
297467 76 94336164
297562 340 532060448
297675 93 153783207
297219 1645 2550468624
297219 1880 2806170096
297430 167 318435172
300464 33 47979689
300401 568 658894879
300400 66 95583330
299369 69 94684449
299593 542 690356909
300122 107 114653317
300122 781 1077917121
300122 945 1295475166
300157 447 473755431
300155 850 1148159604
300237 504 701601353
300576 616 919571832
300576 755 1116262179
300400 319 474614663
300459 180 262164704
300516 24 28910988
300467 43 45444246
301524 128 117641294
300515 566 913104759
300558 189 266731331
300636 1161 1375373686
300636 1352 1553966735
300574 22 3093336
300560 485 557843321
300631 200 247789885
300742 159 203912332
301161 440 372033322
301985 136 147094545
301283 61 56502069
299479 75 103830147
301392 58 60755953
301392 1 412272
301384 398 438180148
301392 425 417134291
300157 231 248627746
301472 792 748561833
299481 73 86603341
301472 480 462672846
301959 1458 1399522964
301532 596 359989019
300235 11 15081105
300226 336 455820279
300280 404 505875746
299395 71 102599930
299481 107 128868684
300280 244 294713161
300464 169 247666355
302484 132 181643655
302031 608 614797346
302479 101 97838447
302472 339 426246268
302448 1521 1521247386
302479 126 136179490
302479 186 224716976
302479 179 213891688
302573 189 199717153
302526 298 275928449
302553 97 123682002
302597 582 498578389
302597 957 789272891
302634 331 398592528
302634 460 557970799
302573 157 165834649
302031 43 49391362
302042 133 92690233
302448 27 7249513
302225 138 101991071
302229 238 233814210
304200 140 269995542
304446 72 77310282
303948 117 122674473
304447 12 21779374
304447 1030 1678759620
304447 970 1604204240
304508 266 412966041
304506 170 291385862
304508 1154 1383580211
304738 61 108791092
304797 577 1030916064
304797 1882 2789323234
303838 542 808491895
304671 215 330025124
303838 1327 1718342748
304616 473 758290296
304671 528 847190696
303948 638 1019938628
303948 1246 1808579463
303999 577 903980937
304125 62 116835086
304062 1612 2066367139
304062 1876 2282565406
304209 416 718432421
304125 1561 1901880495
304333 1526 2238900236
304158 273 217132230
304144 1380 2230476500
304144 1908 2762370034
304663 208 365309389
304292 109 231151148
304333 875 1435563144
304366 756 1269664660
304366 600 1001233871
304508 759 1011968956
304508 226 354889559
304508 889 1143647073
304625 145 158048710
304562 387 579282594
304562 394 590311555
304671 774 1282238050
304671 1147 1848935103
304738 120 212603405
303999 288 479507968
304738 868 1485369876
303948 821 1290709372
304158 1395 1709955265
304169 492 772668321
304169 476 747161489
304170 271 248792712
305112 388 631133108
305044 181 296635499
305202 318 454621528
305202 584 886652604
305336 51 42770123
305336 107 147782882
305314 234 269871761
305237 542 1018975787
305248 861 1501236516
305636 138 175859004
305310 423 716481766
305313 117 207208168
305045 851 1323619156
305365 105 180049748
305365 232 392612324
305366 178 314143490
305376 147 168826878
305377 641 1156332325
306042 262 517645507
305377 1260 2244757013
305406 679 1246089457
305406 1187 1968832629
305441 72 122887715
305518 195 374483981
305814 419 653017120
305821 421 710754213
305766 257 423091416
305766 754 1332163945
305814 845 1404978477
305814 532 836150032
305814 1879 2990142770
305114 515 529878724
305898 165 208287279
305064 406 668617466
305186 227 354109479
305234 71 45428165
305064 1262 1690606145
305208 353 550030801
305064 1961 2243093479
305064 1645 2010111837
305312 103 172688801
305081 298 478778036
305081 789 1337150398
305081 754 1276419325
297674 92 148019638
297558 21 22690376
297056 88 118031147
297433 81 126982150
297101 912 1124917053
297178 14 19264423
299067 154 195167602
299185 73 112257190
299184 46 70849004
297411 678 1131450835
297468 53 95816509
297485 229 393906451
299184 372 615839767
297486 196 329469716
297656 79 95642227
297722 274 412793589
297599 24 39910668
297424 92 120513317
299593 845 1111865454
300401 357 423210465
300401 365 433405045
300365 1 347264
300401 217 255536483
300463 61 89840261
299370 188 216851568
299597 265 288396008
300375 37 54455179
299597 113 123427276
299597 53 56865459
299597 250 272026039
300400 170 257159999
301323 179 164085690
299593 636 820654733
301323 423 417752433
299593 325 375667995
299593 224 228069752
299595 20 23423651
300400 561 829084415
300394 2 799456
301323 396 389875643
300364 41 23685106
300401 234 277042316
299597 432 455132999
301330 54 34669822
299396 25 43712179
301298 611 591311794
300106 43 73529392
301998 416 395837511
300105 9 5984407
301998 122 124232685
300107 37 59958325
301998 613 559343005
300122 139 165012238
300122 1066 1455569420
300122 168 208106346
300123 193 225862213
300785 1079 1256355416
300284 517 695475078
300811 241 414026120
300123 367 414442168
300122 983 1347685609
300157 34 31632520
300806 213 307550274
300237 446 625889230
300240 129 113567804
300155 582 783226271
300240 109 95255503
300155 150 171665064
300155 727 979282735
300155 1090 1464221817
300155 826 1113093560
300155 1196 1592394728
300237 316 445239706
300155 422 557516718
300235 71 109626629
300240 217 194736674
300237 522 725278274
300240 40 29634817
300155 801 1078405981
300576 532 795669685
300226 119 118223337
300811 130 219084341
301283 319 283893892
300122 551 767290684
302029 50 60379320
300467 72 77526627
300466 521 658549643
300459 100 122902459
300497 140 185276894
300514 128 166153330
300282 16 22798551
300806 104 114415121
300514 60 50873411
300467 166 170237583
301530 100 76104017
302029 65 80592964
301998 1232 1019786425
301998 22 22513013
300515 197 340302032
300517 311 375964844
300284 298 415215185
300157 488 513506063
300515 1006 1552317109
300517 281 341151487
300558 262 371459612
300517 576 669905343
300517 580 673944799
300574 53 47938851
300811 415 690222987
300558 252 356969854
300560 219 259886564
300558 376 528734715
300636 1433 1628295633
300560 302 354703612
300560 378 440968683
300816 8 5598216
300631 93 63376385
300560 479 551063500
300576 271 417477227
300576 353 538291759
300631 167 191669459
300633 123 188693339
300576 665 988172705
299369 175 241839645
299370 138 150005084
300636 648 830404455
300633 367 552548971
300635 100 138619594
300636 94 135043112
300633 200 308356486
300236 44 51788945
300236 52 63062516
300633 398 598850148
300636 1203 1414036945
300780 304 441504498
300742 115 121813444
300777 49 38851737
300742 162 209556929
300780 282 409900500
300155 58 42944969
300742 271 403889867
300742 281 422667921
300785 12 15571134
300785 546 694411631
300777 252 386254133
300785 498 636853005
300817 138 190933417
301142 74 74120504
301142 187 180701493
301142 23 22390054
299480 247 358392756
301183 89 78852205
301161 593 502136328
301161 132 92222232
301283 35 31904439
301986 177 157509530
301997 298 315850288
301984 70 73970356
301283 861 694207717
301283 540 458705321
301283 659 550544794
301985 196 208758448
301997 336 357302841
301283 847 686916294
301984 156 185005720
301985 325 334390448
301986 166 148411651
301987 567 414842288
301987 413 310351904
301985 286 296702164
301997 98 80545317
301985 313 322513452
301997 251 263305360
300467 375 373717830
301524 185 167938796
300282 38 53878394
301997 393 418524431
301997 65 38026740
301985 209 221821345
301384 149 175608976
301391 77 42506194
300122 570 793894562
301359 102 75996489
301359 191 181231493
301359 96 69388440
301397 478 353055115
301417 195 189660074
301417 65 26996928
301417 100 72992000
301384 7 7904255
301384 405 444347877
300157 421 446475360
300157 919 915368924
301384 226 260591157
301397 211 157281515
301397 710 510332391
299478 103 147227544
299480 242 351116346
300226 215 264474509
300280 313 387300169
301627 470 416174937
301447 478 455055403
299480 587 832699583
300282 165 235835615
301449 363 277364285
301664 322 299262348
301912 158 110686802
301941 504 469573563
301472 456 439702738
301627 925 753113047
301913 18 13188847
301984 211 251791067
301461 510 489398565
301627 354 315158471
301472 71 37976196
301627 766 641139243
301472 715 680760737
301959 1511 1436872158
301941 396 374843620
301914 240 161483005
301472 541 521949593
301664 352 327625692
301461 196 173384733
301664 422 392448495
301627 165 129035093
301461 178 153862789
301627 156 118808118
301627 492 433448625
301627 617 530331172
301627 550 479722580
301472 296 281769166
301959 1105 1129349615
301476 187 147403329
301664 246 224022371
301959 809 881370499
301959 1657 1536651333
299481 85 101556623
301567 75 66792552
301524 208 187823790
301567 171 164089867
301567 300 294168928
301959 1116 1138404648
299480 594 842408012
300226 327 444127296
301959 425 498798151
300811 63 101429278
300282 40 56588879
300284 736 952760207
301987 369 279260668
301987 184 142436252
301998 343 330428551
301998 378 362499521
301998 1273 1046125867
300806 86 81628990
300811 425 706100749
300280 315 389480465
300280 420 527987774
299370 289 361273699
299370 292 365748154
300284 656 858791853
300235 4 4206645
300280 282 336767849
300280 282 336408517
299479 45 62828964
299480 16 23074685
300237 9 12756500
300777 413 631592925
300806 55 27108261
300284 663 867295564
299370 154 169710017
299481 52 60843636
300237 222 316096088
300284 39 57270914
301524 9 7792750
300785 785 954058395
300284 339 469172063
300157 401 425961200
299481 536 609253054
299594 195 245773310
299594 196 246692418
300466 8 10845876
299481 1147 1190704182
299481 224 267790737
299481 756 839836261
301298 782 742453282
299597 526 540457463
302031 279 300861906
302240 254 274414240
302485 503 600166849
302229 275 267484839
302228 71 18896562
302494 345 291219175
302485 230 293127307
302240 699 673419193
302240 358 375798904
302240 738 705738712
302263 87 85695753
302262 332 355518340
302240 907 841386153
302240 959 876630528
302262 264 280077705
302262 66 46343245
302263 572 505031550
302262 113 104935352
302031 502 517974453
302263 643 562468208
302263 925 776802724
302263 658 574422480
302277 109 106215695
302277 219 218313337
302277 329 320468450
302448 993 1084950715
302393 64 76304353
302393 397 443484016
302448 207 244593678
302448 1251 1306332656
302448 1910 1811880065
302448 626 722086951
302448 1175 1242525306
302031 704 697467637
302448 1332 1372367636
302448 1114 1190339698
302448 643 740802866
302040 75 57623253
302448 1648 1620591607
302473 110 109629826
302474 112 95820803
302472 631 757255193
302448 1750 1698090114
302474 130 110286843
302472 216 271050834
302472 565 687373632
302479 291 369594807
302473 155 152926826
302131 938 782208302
302328 401 346965101
302573 235 247083879
302525 415 515889678
302392 114 112175704
302651 74 106118187
302525 319 407288329
302634 301 361718995
302597 19 17581607
302597 350 309953756
302654 168 208837166
302393 141 166372846
302553 102 130325438
302525 307 393785953
302525 383 480786111
302635 293 299615101
302635 643 615100783
302596 774 882324467
302596 968 1076996505
302526 410 372032472
302526 418 378500965
302596 648 747392424
302663 375 461394515
302597 371 327603766
302597 434 379835749
302635 1015 917470761
302597 601 514281157
302388 289 342714876
302596 228 261135456
302635 857 791581183
302663 659 774632374
302573 481 487062796
302573 372 384222942
302572 148 170878434
302573 217 228831295
302573 513 515903425
302573 634 622559256
302634 139 146412552
302635 92 97323202
302635 260 267141080
302635 321 326671554
302635 616 592392641
302163 576 521160172
302654 297 359864469
302163 755 665646449
302322 801 635759926
302031 96 109216553
302388 164 186404623
302350 39 30978822
302131 352 310997498
302131 803 689099027
302163 217 195650371
302344 10 8023863
302393 808 842120792
302131 610 537414033
302159 74 45628748
302388 320 379067437
302388 494 571098506
302337 63 35569278
302031 80 90647718
302473 61 61210100
302322 390 320327530
302388 707 788701968
302240 134 152759963
302225 331 295837152
302225 347 311088382
302225 475 422185920
302494 246 210012150
302229 2 1541628
302485 344 427540575
304655 222 376464298
304663 292 526418192
304204 449 721608813
304654 167 248225316
304654 426 685301725
304655 283 471255685
304661 90 94891648
304661 92 98315971
304655 1074 1389166727
304333 646 1042596277
304292 385 754368514
304292 1006 1617113335
304366 821 1379738336
304333 816 1341211525
304366 517 845207205
304292 1511 2110079050
304292 596 1098538624
303948 618 992052381
304366 765 1285610504
304292 1342 1959475540
304333 1206 1888656179
304366 1330 2065091296
304366 1332 2067867782
304333 973 1582116245
304333 1130 1794682894
304446 78 90129966
304447 12 21589266
304366 644 1080617431
304447 1262 1946495072
304447 1343 2032695480
304447 1416 2108543594
304447 1504 2196696426
304447 1307 1993991082
304508 291 448699445
304508 52 85801042
304508 203 320317162
304508 643 889245321
304508 648 894512837
304506 241 392704383
304508 140 222351550
304508 686 935537873
304797 510 913525075
304797 1993 2887344837
303885 1512 1902335940
304797 1705 2629006985
304797 2622 3366995967
304797 1911 2815790449
303885 95 66532949
303832 436 547855624
303832 422 530066637
303838 425 639110476
303838 918 1295667271
303838 1779 2098895346
303832 519 649912961
303838 1497 1871146120
303832 1089 1241561366
303838 854 1219371446
303838 1172 1566067419
303838 1383 1771473107
304671 766 1268823157
303885 457 657248617
304797 2163 3029991441
303885 1897 2215817043
304797 2570 3331883185
303948 1183 1740149133
303948 1552 2116197321
303999 24 41533584
303998 91 76277487
303999 209 358524550
304062 554 851874434
304797 1513 2434756590
303885 1638 2013171190
303999 394 643955529
304062 345 517648922
303885 1672 2040424170
304062 1604 2059290243
304062 1820 2238648768
304125 270 460787487
304144 288 448010977
304354 195 225953517
304062 765 1151283305
304125 854 1237775125
304366 133 213225501
304120 247 472508014
304125 544 860628016
304209 458 798092503
304125 396 655181257
304125 973 1365049316
304125 721 1084195640
304354 86 26719576
304354 165 172094114
304125 1069 1462449038
304125 1477 1834543799
304333 1527 2240225939
304797 1446 2360689637
304144 515 880227570
304144 692 1224033425
304144 873 1529040498
304144 1106 1877596120
304144 1210 2021344544
304144 1649 2517542292
304144 1810 2672845528
304144 2140 2963888930
304144 2166 2985319065
304144 1157 1950041292
304144 2336 3120418123
304144 1683 2551388100
304144 1867 2725774825
304144 2442 3198975534
304200 303 564793946
304200 284 533153317
304663 36 67421217
304655 231 391325217
304291 74 48425863
304655 142 246950867
304671 80 80091559
304655 180 308164125
304204 172 217401972
304661 84 82416060
304661 86 86289851
304292 130 273542220
304655 706 1014464248
304655 27 47600655
304655 27 48725274
304655 328 535002663
304292 750 1318029038
304333 410 608174545
304333 246 365821495
304333 167 218614162
304447 185 318067047
303948 1127 1677083122
304797 443 798229093
304447 425 753192858
304333 798 1310134584
304366 1601 2348325902
304366 465 758107641
304366 1163 1867672094
304447 831 1415909885
304366 1292 2022036591
304447 522 930409009
304447 642 1133086500
304447 500 891012110
304447 952 1580016166
304447 1392 2083524912
304506 41 70857269
304447 1048 1700906629
304447 1518 2210715379
304508 663 911761951
304508 95 152401863
304508 138 219240719
304508 851 1106338351
304562 251 351134780
304562 100 103129327
304562 172 233509509
304625 402 594005433
304616 65 42776067
304625 467 707164984
304625 438 654137392
304616 143 198954815
304616 253 383789284
303998 174 232857262
304562 544 882849356
304671 180 265535890
304671 331 525035722
304671 603 975358902
304616 505 818681408
304672 55 68904157
304738 94 165872693
304737 107 93153884
304738 183 321439741
304738 619 1064609035
304777 57 96867125
304740 64 64615029
304740 113 113040475
304777 47 82126675
304777 296 495372533
303885 939 1311308667
303885 941 1313696173
304062 204 274316915
304062 749 1129665137
304777 220 381293316
304292 408 796862042
304333 165 214461715
304062 995 1441098164
304738 401 681853660
304778 544 915253519
304778 615 1011325638
304778 806 1246101539
304738 846 1451119372
304778 1205 1648018105
304738 603 1036096363
304738 616 1060030657
304738 1507 2290554407
304740 187 186116716
304738 692 1195691043
304778 619 1016672838
304738 856 1466000573
304778 977 1428737272
304778 1252 1689202804
304062 1156 1618563123
304062 1267 1734693434
303999 713 1067779701
304144 1094 1860256956
304144 372 600268008
304144 908 1580009629
304144 976 1685890258
304144 1011 1736882607
304144 631 1110375128
304144 748 1323577491
304144 2406 3172881276
304158 215 113342186
304144 1556 2421214779
304144 902 1571061301
303885 754 1077834999
304158 955 1224448324
304158 907 1162857721
304169 59 21535289
304169 118 119541940
304169 127 136959862
304158 977 1253885470
304158 475 544659186
304158 880 1129799899
304158 482 556371805
304158 1100 1404417639
303885 1432 1825412625
304158 842 1080201169
303948 513 829686172
304169 1092 1541631459
304169 99 85093675
304169 447 698801221
304169 669 1036632474
303948 1038 1572153829
303948 1205 1765126848
303948 1333 1900601270
304169 1265 1719267754
304169 1044 1489316211
304170 147 137174839
305208 145 247008907
305183 182 305273377
305186 264 421496978
305112 192 253763315
305636 1063 1910253776
305636 1290 2315944167
305112 834 1426495743
305188 835 1250754875
305064 621 985452387
305112 399 652855758
305112 469 786170239
305112 1501 2426661278
305112 739 1255116093
305188 939 1375319955
305112 1266 2128917414
305636 954 1702676707
305204 927 1372474074
305202 75 29076085
305202 130 127422130
305045 463 781575413
305046 244 265403356
305636 993 1776027754
305202 614 945369145
305202 614 943902721
305046 440 459040135
305204 442 743193005
306092 563 1046916438
305202 88 50975393
305636 2003 3288478231
305636 534 899346219
305202 547 832495838
305046 333 355840573
305046 474 490357563
305341 368 621703010
305204 858 1293027142
305207 515 809778739
305341 431 740600443
305204 692 1091210515
305314 183 213717630
305314 376 412620951
305237 70 131035372
305237 16 31518357
305248 396 710579944
305248 361 642946659
305636 277 441842575
305248 840 1469789972
305248 843 1474783840
305044 104 173525573
305590 263 367409311
305237 307 593801554
305247 206 312451616
305248 822 1442797926
305045 296 515106590
305636 85 71290146
305247 282 459545861
305248 47 84994751
305045 264 464790113
305045 284 494624830
305237 1116 2077458534
305310 389 652469345
305112 176 221943608
305311 17 29072202
305312 80 136266757
305341 23 40421617
305341 44 79067904
305341 121 211400095
305341 257 436472101
305351 158 281758515
305351 61 108472004
305351 373 642113054
305365 302 509723734
305365 30 52140705
305364 128 161491423
305518 260 495921674
305365 196 334056291
305365 789 1334875691
305365 527 862633009
305366 331 564865653
305366 584 914464995
305376 134 146585244
305376 95 74357734
305377 204 358292310
305405 243 438295857
305377 1437 2478032263
305377 1206 2169276143
305377 576 1032649297
305377 1063 1950955024
305377 830 1530706137
305377 1509 2565019088
305406 355 658110578
305377 1123 2044284353
305377 1288 2283142042
305840 491 903408934
305405 530 936843601
305406 130 224742229
305406 863 1539551144
305840 569 1037493744
305045 739 1180657154
305862 98 58748694
305902 357 554632926
305842 91 108582804
305842 309 348954828
305059 94 65284826
305586 383 647756488
305590 5 6104999
305518 992 1598269052
305586 335 558501909
305586 272 439488908
305589 663 1200429609
305516 363 590087890
305586 485 835889511
305516 346 559013267
305114 181 204684180
305114 414 440801297
305517 16 22712018
305586 489 843090470
305114 108 124017143
305045 619 1020591346
305636 432 732688020
305636 791 1380374007
305814 365 556653917
305814 250 347848232
305809 102 119976376
305809 175 256849496
305814 660 1059995658
305766 116 145046988
305766 113 139702071
305766 270 445889931
305821 700 1169968106
305821 152 213987106
305766 538 936422277
305821 451 762426606
305766 187 286230329
305766 438 768943622
305766 466 819203851
305188 218 384400834
305814 130 117452529
305766 377 653795050
305814 1036 1750396184
305814 1149 1954757287
305064 177 286903750
305821 441 744846694
305821 480 813503550
305814 554 874302030
305821 211 325536067
305821 306 501028576
305814 1360 2293183084
305821 159 227187668
305842 741 779742833
305862 163 186608365
305862 434 701124100
305840 1102 1796135967
305840 1081 1768871998
305898 571 932553801
305842 550 597861094
305898 395 626702212
305902 162 214863387
305862 613 1008576590
305112 89 60560545
305059 257 336335553
306139 959 828613485
306135 1075 1937489890
305045 573 955194389
305186 368 599730640
305064 286 476263501
305064 778 1183391280
305064 983 1413562806
305207 848 1344285166
305204 726 1134772342
305204 723 1130728457
305081 310 502169923
305064 866 1286056659
305064 1956 2239662980
305059 490 689032243
305081 122 140146540
305064 1839 2157256232
305312 107 180812214
305336 199 323206428
305204 1205 1658149440
305311 75 134267580
305081 1102 1860076642
305081 562 956427059
305314 54 64317094
305081 769 1303829906
305081 752 1273857167
305081 806 1366673979
305207 823 1300321568
305311 133 229672719
297503 435 796512305
297433 50 78373682
297434 56 84023359
297434 68 102180459
297558 119 193805862
297057 546 668059181
297101 531 700898867
297227 50 34116637
297219 146 301592392
299329 41 70130094
297433 125 195047612
297296 216 313563000
297219 2178 3104597889
297605 201 296683715
297656 298 489603130
299184 14 19735715
299149 54 31981535
297503 439 804755933
299184 251 403926717
297425 49 78691038
297175 64 109467600
297292 64 119199303
297219 1540 2429283361
299065 123 187041487
297292 430 775372536
297292 498 898689305
299149 76 67865319
297620 231 333712081
299067 262 328042656
297603 103 173659400
300400 384 565555442
300400 246 370032715
300389 136 220808445
301330 118 110312669
299593 238 248307720
300401 652 749633406
300400 24 33879373
299597 148 161471243
299649 271 381243221
300122 148 177141523
300122 1069 1460181538
300122 1110 1508096508
300156 46 52053850
300157 535 560002493
300811 398 664074812
300122 874 1203862219
300155 339 443421258
300155 263 335933982
300155 222 273927152
300238 278 279993449
300155 1220 1621347236
301298 92 59558633
301524 18 16662426
300806 57 31355204
300811 203 348168768
300459 330 502163024
300459 55 41459917
302029 50 60319440
300459 313 475636840
300459 149 208600307
300515 32 55556920
300811 121 201565190
300466 406 525065726
301959 721 799855623
300467 363 361525211
301519 99 57411916
301998 40 41202088
301519 145 104636199
300517 256 313366042
300515 658 1049751395
300515 749 1182527692
300560 143 171704741
300631 91 60026778
300560 686 765851500
300576 137 202624660
300636 632 810966861
300576 740 1093801279
300576 1093 1550062371
300631 209 261263184
300636 1034 1247498820
300636 1194 1406340698
300785 665 830910336
301142 730 590236653
301142 357 322092664
301161 388 326238245
301183 226 203242614
301161 124 84270287
301986 242 212523906
301984 189 226168130
301984 59 58714055
301298 233 221780616
301997 348 370660435
301997 124 112762832
301323 602 589109669
301330 151 148321205
301384 415 455280556
301392 362 358461976
300817 69 95344846
299480 311 447768791
301472 216 198378607
301472 722 687018994
301627 102 60064497
301449 254 197773184
301447 362 343731760
300237 659 895597524
301449 168 132805845
301912 363 280585566
301665 213 183477482
301664 191 168763862
301472 439 423126458
301998 1616 1259151676
301530 17 13155005
301530 18 14008406
301959 944 998168482
300233 117 126744100
301959 835 904998973
301998 1420 1140990817
301567 225 219209647
301567 236 230170470
301959 121 130382119
301959 1144 1160588488
301998 873 764862835
300233 56 16713291
300157 222 238660396
300811 340 574393014
299370 307 385958818
300226 228 284829922
300237 646 879473877
299369 27 29978636
300226 313 423575801
300284 629 826274215
300157 714 728717072
299480 533 755544474
300811 283 484578397
300157 115 122421579
300157 794 803456654
300817 56 76673481
299597 531 545131654
302485 433 523535161
302225 561 495989602
302042 15 10252637
302042 193 132667824
302240 397 412314907
302263 454 410220613
302263 706 612568592
302262 198 205729693
302277 293 287807317
302277 297 292143041
302277 28 16366279
302263 245 230482931
302448 187 219765807
302393 878 899497907
302448 1624 1601919611
302472 503 618146600
302472 134 159504667
302573 256 268966126
302474 118 100799183
302479 46 22721582
302479 331 421524421
302484 57 72465937
302031 465 483388131
302526 25 22104354
302596 120 117678023
302663 338 418451017
302573 371 383861011
302596 340 400482556
302596 581 677486746
302597 230 208856396
302634 436 528997426
302635 1044 940397253
302635 703 665999678
302163 340 311890924
302163 654 585963693
302163 1006 849416433
302163 175 153419574
302031 770 751115114
302513 53 33417054
302240 82 94881032
302228 114 65232227
304655 640 939901984
304292 1609 2193342889
304366 444 725467841
303948 1192 1750262843
303885 1444 1837274196
303948 525 849545638
304292 880 1476487553
304447 66 123809948
304366 1059 1731237921
304447 1278 1963811093
304508 1129 1362513494
304508 1232 1446863642
304508 99 159065059
304797 1585 2510601708
303885 152 159965212
303885 282 383881549
303838 791 1142039096
303838 230 327548219
304797 626 1131207656
303832 663 816230513
303832 1721 1747965074
303832 1017 1176511963
303832 486 608843930
303832 973 1134677376
303832 1510 1589883560
303838 1913 2199654029
304616 688 1147812816
303885 1322 1720874207
303885 663 952383787
303948 294 455655282
304119 76 51814039
304062 467 716305602
304120 184 352079447
304125 166 300280978
304125 1652 1975600305
304125 654 1000181638
304354 289 393347185
304209 289 476419744
304144 1847 2707409063
304144 2339 3122814977
304158 1724 2006961352
304204 493 799845203
304655 512 782833958
304204 134 146682176
304204 210 279290159
304655 650 950992351
304662 42 59013217
304292 278 567535430
304292 1564 2155204805
304447 289 483902100
304506 27 46915849
304506 159 272606933
304562 177 242360118
304625 379 565356359
304562 575 942197642
304562 741 1269213963
304797 123 208898248
304616 858 1417167969
304778 211 391690389
304778 364 646668408
303999 453 732213596
304778 1275 1709852234
304738 355 603177344
303999 420 682978002
304777 245 422850844
303999 392 639630026
304144 524 898551789
304144 658 1163238629
304158 884 1135136631
303948 1227 1788192689
304158 2013 2232486784
304158 833 1067927461
304169 948 1381193277
304169 967 1401902265
304169 1278 1731451071
304169 746 1137047400
304169 849 1264900697
304204 139 156076742
305045 199 360730736
305081 849 1444223886
305207 510 801402795
305207 726 1140252347
305204 645 1030854720
305188 621 972949425
305202 622 958625398
305112 698 1183983398
305636 2275 3585947463
305636 1793 3033953403
305112 1013 1743404258
305046 440 458772143
305636 1500 2637641697
305207 391 605525097
305204 1042 1497042727
305208 268 431174979
305237 936 1764125330
305590 565 729928187
305247 299 491448168
305237 251 486971458
305247 114 133606407
305590 543 705215590
305064 360 596031982
305248 388 695991163
305636 289 465072330
305590 483 636635449
305310 188 277178472
305311 95 157335151
305311 47 85006183
305314 81 95923438
305364 110 128477853
305365 689 1149338682
305365 582 954436091
305366 1097 1475137063
305366 456 749434027
305377 1302 2302375117
305377 210 369461216
305377 352 649040875
305406 601 1104589329
305440 57 79452083
305440 37 43138840
305840 340 631809471
305046 680 670283268
305440 115 183523872
305862 102 67816356
305840 836 1446319557
305842 584 630605523
305518 451 830142800
305589 234 452479682
305064 148 236644068
305589 278 537605196
305586 298 487641756
305814 368 561053965
305183 121 204242030
305766 668 1169905739
305766 98 106914292
305766 137 188513433
305766 779 1379778641
305766 797 1414507014
305814 1258 2136462617
305821 66 45957484
305821 406 684379683
305821 393 660019828
305862 259 372666405
305898 209 291283389
305183 32 54450872
305183 196 327211913
305059 82 46761693
306456 416 698775145
305045 520 874184451
305064 283 470894335
305341 81 142270508
305064 1174 1607570968
305064 1416 1825948782
305064 1853 2167472938
305207 828 1309072034
