315790 402 277855372
316876 351 497221738
316666 51 63181798
316569 777 1050835826
315512 1004 735664566
316701 335 483958706
315366 750 391098287
316187 218 295745959
316199 527 727594126
316718 211 315554289
315420 447 334946521
315488 372 361115061
316457 761 882000172
317435 493 699893073
317438 81 130744328
317488 184 254574161
317661 474 681701931
320038 467 704789563
319910 54 88141476
320006 264 447125008
319579 160 182939036
319449 134 148590239
319849 77 123329663
319337 576 354208171
321817 374 652677869
320804 578 873170369
321973 1011 1756047397
321988 917 1623295396
321975 758 1255210217
321068 476 713959165
320934 398 635805113
324747 275 416463618
321219 231 332502439
321230 90 72009147
321233 338 528742694
321305 275 439018714
320887 246 332552557
323727 233 433265881
323696 217 412882795
321457 639 1020151526
322118 101 179569248
323940 859 1569463323
322204 117 221053135
322492 1243 2174771171
306155 847 1108542309
306051 66 94286709
306459 1719 1990639636
315705 383 265016870
316187 1941 2729152156
315973 404 492441244
315973 603 709808649
315512 274 243574511
315510 121 136333884
315801 231 229984023
316457 61 81940764
315322 1307 767198436
315322 947 599976225
316995 128 174173656
316766 745 996783038
315420 1640 944665174
316114 933 938646149
316470 257 337856290
317435 33 43729548
317435 910 1306453096
318877 21 30075727
318877 98 145736208
317089 429 621500078
317213 342 453196552
317488 99 139790276
317648 120 136118531
317696 302 417627634
319524 398 547299970
319991 703 1095683538
319910 50 81898498
319524 600 860730537
320006 266 452042089
319756 1708 2701105655
319853 149 237661341
319524 1260 1878419250
320065 480 753653010
319656 172 178054340
322625 1129 1989933854
322381 260 417517269
321817 383 667564438
321832 173 279149182
322356 222 422840919
323526 109 168856934
321990 15 27263376
321167 463 726812744
321975 416 730876522
321975 542 931225548
321755 606 955011260
321758 151 255879230
324747 545 969768896
322222 230 445738072
324021 628 1137835047
324835 81 84017179
325117 102 189200512
324841 1014 1872981774
325170 1011 1891861449
321177 286 413579168
321218 473 676381499
321219 364 537894398
321305 610 987840297
321233 497 782382750
321233 537 845965614
321283 106 116996657
320917 768 1259698614
320804 509 761848150
321475 2007 3071411064
321917 684 1248311659
321909 108 189738607
321909 794 1322050307
320804 215 292003281
323524 283 539110877
322201 68 62022768
322179 435 737833246
321124 648 970712271
323696 173 331017853
321887 419 663824478
325099 294 592180664
321434 5 7619081
321396 536 864857385
321414 184 306571383
321305 2608 3846378451
324980 361 631730644
324980 565 1049392701
324878 1571 2907941100
322079 425 754851053
322118 182 333484365
321730 118 213493815
322204 329 610615219
324970 1258 2324037354
324970 1698 3125192464
321475 946 1505772477
321887 779 1296716331
321457 1537 2403728844
324209 23 28405436
321475 109 122875934
324245 339 636441439
320823 149 229326218
320809 378 574131875
323940 733 1335453830
323940 912 1664318281
321149 329 467815750
322204 91 171563836
321817 85 154744271
306095 122 161344337
306041 266 491145558
306042 98 187950810
306051 258 358499238
306092 314 590991581
306125 639 1146711010
306135 465 834613865
306423 37 58428045
315713 108 127355565
316239 153 188526465
315973 275 337269394
315973 322 395262818
316059 77 86927247
316380 594 449498627
316590 114 155069913
316590 486 658502009
315512 818 626311171
316569 1009 1377935744
316666 616 875995967
315646 419 288177584
315646 1011 609186340
315689 199 227631510
315689 741 798202107
316217 85 100841332
316114 974 984460049
316469 22 14622456
317435 1225 1765496510
317626 956 1451694406
317650 362 542163189
317661 1114 1646187319
317320 1488 2221163352
317527 1397 2000414757
317089 104 138868222
317484 252 346721256
317488 259 363461874
317212 100 103738503
317696 127 161527895
320024 30 49376052
320024 300 502266137
320024 316 528577668
319756 416 652488287
319853 35 54897686
320026 104 155029692
320026 111 165169885
319697 370 561719822
321149 304 425820396
321817 290 511356987
324077 617 1109501416
322431 90 146707309
322381 64 45455401
322348 633 1155001906
321973 70 70063384
321988 515 903024639
320933 100 105359623
320917 1909 3002163872
324765 462 868377362
324841 190 363381913
324022 305 557558560
325170 362 669566182
322332 1003 1762090264
322322 1166 2089031332
322348 1153 2058861670
323487 366 671361915
323488 53 101305880
323474 273 505085018
324245 1569 2916919342
321909 266 456457812
322118 506 930780176
321124 739 1108565672
321122 298 488572112
321067 402 564508603
321121 30 51817625
321122 197 319090259
321124 290 426790281
321961 242 449211744
321887 296 446431867
323702 123 202494383
324970 55 95619676
325022 717 1133591655
325022 1112 1628266734
322022 630 1095598111
322022 1689 2938785373
321415 735 1145383322
320673 105 59763169
323778 594 1130873751
322617 32 53139369
324980 1240 2285022762
324997 133 180816594
322106 786 1390675922
323755 126 187569083
320840 312 516100774
320855 285 451626070
321414 201 337461905
322252 1499 2597954042
324293 2251 3887476977
323755 669 1222137213
325117 419 722624275
324245 214 380309383
322068 546 938830432
322068 204 300162498
320809 23 37072637
321780 195 319440835
322431 486 830745554
306121 61 38589249
306155 698 943811317
306042 201 390828539
306126 37 28204748
306456 274 482196397
315713 128 157437350
315713 132 163635274
315713 219 289384658
315785 197 250428020
316505 1033 1353746705
316505 304 363059779
316505 373 446662888
316505 530 628428121
315973 574 679432709
316380 830 673487578
316569 218 270770579
316569 248 307697339
316569 943 1288266531
316590 29 25086549
316590 31 27966578
316590 51 53213253
316615 77 48599102
315510 138 155448440
315510 338 363326508
316716 141 177798488
316720 69 90233060
316569 649 862655514
316877 223 336834547
316569 842 1146272040
316505 216 248512953
315800 350 436532952
315357 181 148846154
316187 231 312269352
316199 431 606345966
316187 527 676109901
316187 337 447310832
316380 1027 850568583
316457 102 136866642
315642 83 100468741
316082 148 180614144
316153 744 1010534887
316114 269 291266203
316201 343 478131389
316218 63 95308142
316766 1397 1939814590
316766 383 494504247
316985 223 306609480
316766 1307 1803449563
316985 340 464464133
315713 719 895220846
316114 657 635027491
315721 141 186219324
315764 112 126176627
315770 134 163329637
315770 278 386291599
315488 636 592999203
315488 49 21151573
315488 131 112921982
316060 103 87528698
316472 106 128334492
316218 55 83363384
316879 19 20535557
316153 266 361027580
316153 235 324200368
316758 15 21129235
316701 93 108511647
315800 378 470334738
316758 1293 1870843242
316876 604 821559262
315785 255 316695363
317435 627 899667506
317626 122 158893522
317626 625 940383522
317626 1112 1677742322
317640 270 356441920
317640 113 144921472
317640 737 1083020092
317641 30 43184661
317661 524 759858561
317320 321 422375895
317340 4 4272144
317641 541 798139629
317641 450 666987299
317661 1009 1504111254
317382 68 37881771
317392 21 22948414
317392 777 1078346601
317661 1148 1703455323
317392 447 599708131
319077 88 84524958
317626 1555 2330788893
318874 248 401060549
318877 154 230350777
317527 450 579028306
317650 223 322364520
317641 8 9623216
317279 190 265392812
317641 1253 1882255983
317661 901 1346165833
317663 41 56351757
317591 224 287215421
317087 329 400902154
317650 703 1029842598
317089 516 748106857
317279 492 735229533
317213 231 290303671
317297 12 13947559
317291 775 1098626442
317320 530 747630057
317478 10 13226839
317488 645 927957442
317488 822 1201838470
317591 97 111838782
317182 1351 1939388507
317696 307 425629540
317661 498 716312914
319524 140 155765620
319698 30 44823922
319503 301 455589295
319579 589 845216751
319991 106 115514058
319991 328 467748521
319524 292 378214523
319579 2871 85371060
319625 93 134769676
320061 3 4961960
319910 427 753075964
319456 343 532879721
319993 339 542881905
319993 463 725573793
319524 452 635167502
319993 847 1329371679
320006 309 527281127
319524 558 799174076
319449 194 233821500
319450 13 17515587
319450 434 659278380
319524 822 1209053575
319756 907 1471117994
319756 1464 2339209794
319849 446 744882311
320040 76 119767377
320065 150 242944340
319526 195 345226604
320025 103 164528603
320065 3 3909457
320065 6 9205071
320040 422 649279676
319656 86 40447028
319678 285 426752661
319524 918 1363448850
320040 79 125242122
319337 1384 1303577220
322625 641 1136775048
321149 246 331348727
321817 340 596783143
321818 109 192061895
322431 223 386547926
321831 37 33121574
321831 158 244308341
324293 96 114995912
324077 285 448961833
321831 323 557208457
322407 307 506088194
321832 153 248448590
322430 180 257051596
324077 571 1017960340
322430 491 851633284
322431 157 264679326
322332 862 1517075580
324077 317 516685918
322348 375 670451073
323524 389 744995323
322022 828 1439248651
322022 848 1472479833
322022 1400 2408688497
321124 37 52192680
321167 124 186215334
322317 75 63051121
322204 768 1360829440
321988 78 73629203
321973 404 692819019
321973 852 1496189175
321975 673 1131748151
321975 731 1215569893
321051 71 43970066
321051 280 369545421
321051 320 430399459
321051 337 458665879
321051 347 475039297
321051 866 1278374406
321760 814 1341432457
321055 2 2765122
321055 624 922003708
321732 1134 2020857885
321068 491 735530368
321755 449 677523306
320917 1713 2711017990
320934 106 175017073
324785 171 182796526
324785 129 98902735
324747 464 805129075
324765 327 635446552
322332 515 903210070
324747 1081 1985671911
324765 103 198725981
322222 236 458560343
321068 557 830226865
325170 160 300872812
324021 649 1178791096
324835 145 200546778
322322 17 34083730
322332 382 651828197
324022 318 581368801
324791 166 293371937
324841 1171 2155460624
325117 166 306622546
324841 283 538773118
322332 953 1668252621
325170 167 313575741
325170 473 882848625
322348 691 1257728401
322332 264 428523552
322348 399 714285111
322348 1443 2574332432
321177 336 488314337
321218 389 545182948
322332 184 276222955
321230 47 20900342
322356 757 1372116456
321305 2173 3346029208
321233 525 827033443
321233 532 838904111
321283 95 96803046
321305 411 663213083
321295 468 743893818
320917 965 1546789356
323487 423 786371704
320804 825 1233745737
323488 241 446976366
323525 467 808962503
324201 71 105654671
324201 166 297333967
324201 605 1181909925
321732 149 276562313
322079 247 423005600
322106 648 1146261937
321909 119 208291324
321909 275 471339762
321909 546 914164972
322068 505 858865680
322068 516 882342607
321909 385 651162909
321887 178 231755361
321149 1539 2292023964
324293 579 1075768854
323525 687 1172934731
323727 236 438777074
324318 255 519576050
322179 1176 2023320756
321879 302 499556740
322179 1120 1923109972
321813 167 274910936
322179 1036 1774760125
322179 1047 1792758347
322204 345 639943599
321055 717 1042086286
321124 417 609366290
321124 445 655182669
321126 221 319154271
323525 379 653739501
323725 219 380915515
324980 69 61083799
321167 20 31464555
324980 210 325784201
322022 81 80166671
321887 734 1220153980
323696 56 109276257
325057 325 557885409
325099 16 29299425
325099 217 434296670
325022 1083 1595311443
325022 926 1408448134
322022 625 1085735379
322022 578 1002433355
321414 1142 1914837159
321397 28 31313392
321397 43 54236266
321908 343 543376340
321396 550 886390272
321414 385 650923091
321414 482 827325333
321305 426 688405784
322602 61 116560063
321415 760 1179375887
321415 59 95920724
321415 366 561987678
321436 320 483237687
322625 598 1061333374
321436 198 298740384
321305 539 876568059
320674 180 100633594
323755 503 907586121
323775 109 128296237
325001 150 270512980
324878 863 1574014369
324878 960 1755197788
324878 107 106892854
324878 1675 3093604636
324878 784 1420017505
324878 1173 2159227913
324878 1460 2711226665
324980 1426 2623883217
321312 416 339719839
321312 617 490362465
323471 152 306219544
322106 624 1101637703
322118 325 593646692
322113 108 122993980
322106 745 1320778378
322118 97 172941374
323778 258 504683874
321732 858 1545038721
320857 271 404121027
320840 24 38431158
320840 145 242203040
320858 3 4347439
321007 210 350117127
321007 219 364967697
320841 137 201406115
320840 200 337082253
320853 103 110219566
320841 82 121664217
321007 437 696205597
321007 621 1002595328
321010 260 419923660
322252 792 1391439042
322252 1074 1863991406
320757 172 203682169
324970 1982 3540209520
324970 1635 3022069247
324970 1446 2684612740
324970 1712 3148403779
323778 626 1187732472
323755 668 1219328092
321834 43 62446022
321887 945 1560231977
320804 63 44934677
321781 202 378568572
322480 347 550981516
324420 35 71817990
324420 86 181631952
323857 334 586408558
321457 1044 1663877437
321475 976 1549674880
321475 977 1551389287
321475 1064 1678146665
321475 1654 2577745062
321475 419 653023032
321475 128 154813158
324245 199 350763327
321475 481 752299050
324245 501 951323192
321917 177 309998479
321917 180 313462873
321233 443 695086054
323940 102 118667067
323997 198 373231662
320823 323 504865664
320824 106 156903288
320824 407 648626541
320822 94 159673924
323976 53 56973398
323940 357 597814227
321149 189 248879472
321777 143 244436492
321778 52 87011298
321780 275 466421315
321813 200 330505703
322204 397 731755957
322431 523 891266568
322480 304 464176732
306092 631 1162348531
306155 1090 1371887280
306051 41 58915196
306042 82 152235560
306154 376 614131348
306042 18 32491500
306041 140 272695895
306125 30 51677144
306139 445 384590438
306139 198 178862684
306139 44 39749778
306135 464 834141894
306138 994 1326002094
306456 205 364882759
306456 95 167985845
306456 37 66563840
316239 440 550315653
315713 337 445764797
315713 265 349759871
315800 81 71656119
315785 204 257944549
316218 398 552601467
315786 26 25042702
316239 117 139123056
316239 527 654406236
316240 543 745984799
316240 118 170748162
316240 648 906071959
315790 329 232157954
316505 1329 1756664552
316505 593 712895718
316505 649 800226530
315790 105 77340875
316505 864 1111785930
315644 23 29139054
315973 106 105201675
315973 102 99238948
315973 216 259658569
315973 330 405695287
315973 556 659908611
316059 51 57593146
316985 99 124592450
316380 548 411217747
316457 227 284091544
316457 146 196578050
316457 404 456521904
316457 540 625671536
316876 345 488977551
316995 233 348203428
316613 157 85964571
315800 302 375333011
316666 546 772268330
316666 568 804789694
315721 560 699129818
316569 1393 1912285937
316590 491 666135637
316569 1796 2492955457
315801 312 302127205
316666 297 404289972
315512 288 255301601
315489 391 223011021
315489 469 262796233
315489 641 348328657
315506 97 118444802
316720 25 31934507
316720 28 36878540
316666 513 724258932
315840 326 404612214
315840 328 407209707
315645 196 204155463
315690 537 319803832
315646 516 346497572
315646 345 241428424
315689 990 1000875314
315646 117 86892384
315690 157 103614932
315690 209 135867025
315690 124 82150123
315840 795 914699073
315690 515 311206325
315690 581 343536026
316701 415 599997217
316701 321 462852762
315357 159 127635052
315357 165 133633082
315361 400 342094332
315366 549 299762397
316187 90 123724720
316187 158 216338593
316199 283 399844651
316199 616 836848840
316380 204 140604980
316380 431 310598966
315322 863 557132322
315322 923 588486147
315339 107 61115475
315339 209 137884812
315488 775 701177956
315488 762 691184700
315488 821 735923847
315557 126 143006867
315644 69 86141949
316082 384 487575770
316700 147 167728483
316114 135 150790513
316876 267 378887247
316363 30 18526568
316362 264 185926827
316187 833 1138566739
316187 1029 1397669276
316202 327 495209770
316217 96 113839632
316218 127 190246071
316219 20 31315797
316766 726 967349209
316718 7 10050909
316985 188 256370440
316766 1283 1765504895
316985 313 428732266
316985 392 530120421
315713 423 552996773
315713 426 556154492
315713 438 571771894
315713 652 822449650
315713 905 1080841490
315713 1034 1197866311
315713 999 1166671120
315713 1021 1186888568
315721 63 60731551
315721 134 176027911
315721 90 105739291
315764 92 93219193
315764 245 335698564
316995 274 412338565
316722 402 545371335
315420 214 165893367
316666 308 420999487
316114 934 939021562
315488 111 88953661
315488 124 104301569
315488 136 117871538
315488 430 415196605
315488 434 418884801
315488 437 422278136
315488 440 424650743
316058 358 446958891
316059 355 378366865
316060 139 117595422
316110 15 21092916
316457 1410 1577532089
316469 280 355169506
316470 356 469422095
316470 299 394772883
316472 48 56979000
316472 111 134472032
316472 191 244899960
316218 48 72707926
316985 171 230800813
315264 237 270276365
315270 336 280814647
316153 252 345087351
315270 21 18387577
315267 212 203392683
315322 216 163059068
315322 236 178170015
315790 472 319467654
316457 46 62528056
316758 516 688920995
316758 1024 1461119660
316758 427 580021673
316758 1302 1884639179
315702 41 16537172
315702 44 18557445
315703 7 7935790
315703 196 217276085
315704 34 27514700
315705 103 77917125
317435 452 639249540
317435 45 59533849
317435 371 517506525
317435 1245 1793863619
317435 1048 1516641000
317438 77 124107204
317661 656 972598343
317626 108 135407005
317626 437 638962621
317626 477 703318062
317626 1031 1563097592
317626 1034 1568022709
317626 966 1467916365
317641 39 55974344
317320 283 376028264
317340 383 518181836
317320 570 806965610
317648 72 67164140
317661 1003 1495919359
317382 59 24047244
317392 626 850416683
317661 1177 1750592410
317392 1802 2613768270
317319 74 58531649
317663 158 224597531
317663 186 261890649
318874 306 491034811
318874 55 90134674
318874 228 369376523
318874 272 438368090
318877 344 507516122
317527 317 394098138
317527 920 1304450597
317527 211 250080795
317696 579 859286289
317648 58 47445388
317212 58 47378932
317591 221 283071102
317392 235 334798734
317087 158 178797449
317087 478 586943804
317213 190 240878379
317320 1187 1763791222
317291 552 736596152
317297 260 358972120
317626 1627 2432318640
317484 43 51797382
317488 834 1214656323
317182 905 1271009320
317182 467 601762688
317182 527 680139175
317182 785 1084768327
317648 128 145353195
317649 133 193126986
317649 306 465083178
317650 10 11821804
317661 94 111419228
317661 68 71579507
317663 537 813708861
317663 564 855735779
317696 527 772800810
317696 473 690316361
317683 95 99248973
317696 276 372881778
317696 334 470341560
317696 444 645381044
320059 2 3164265
319698 90 136617518
319503 182 277178592
319579 556 797657338
319579 724 1043753621
319991 350 506134041
319991 406 600399931
319991 437 651413803
319991 606 931652149
319579 1178 1752954746
319579 2253 3533225946
319579 3114 380295283
319579 3049 303122680
319625 32 32983828
319639 57 50884484
319639 160 212942898
319639 345 536882778
319639 460 719004498
319639 532 827121240
320061 2 3284245
319639 640 982651956
319639 684 1043274596
319639 748 1129116283
319639 810 1206771885
319639 942 1368031390
319639 1217 1758626175
319639 1253 1816603616
319910 350 607585839
319910 468 830800954
319912 11 21939301
319915 275 423007951
319915 318 489224793
319941 57 28980361
319941 163 230773158
319941 115 142079712
319941 169 241450462
319941 251 392245768
319942 2 2963522
320038 391 584914569
320010 19 25533759
320010 146 223348774
320010 178 277162421
320010 181 281849398
320010 218 342106558
320010 318 498751640
320023 102 141809609
320023 172 250061528
320024 180 303415052
319579 56 30441577
319579 97 91055832
319579 117 119285213
319579 274 346890557
319950 90 95871038
319449 401 559944747
319450 3 4145198
319450 17 24053072
319528 57 88398524
319756 287 435350511
319756 439 694197371
319756 683 1111385029
319756 714 1159938525
319756 945 1528483480
319756 991 1597264367
319756 1101 1769519636
319756 1190 1918422732
319756 1250 2011018403
319756 1582 2511583046
319849 125 197789474
319840 200 294507434
319841 147 221203490
319847 49 32838462
319849 133 210072326
319849 218 360812052
319524 1218 1816253989
319849 319 530611773
319853 191 305480835
319853 259 412308669
319854 137 201929220
320039 13 20545516
319524 1422 2125307570
320040 266 418995003
320040 330 512717839
320040 384 588227132
320040 579 907859399
320038 106 115948720
320038 145 183839722
320038 132 161641277
320065 133 216924441
319658 19 26066231
319658 29 42925223
319658 113 179300220
319658 159 255874554
319678 85 91157322
319678 264 389900334
319337 163 121817500
319337 363 242499636
320038 236 327602243
322625 460 801858053
322605 9 15272999
322605 14 25116315
322605 14 24612878
322625 397 674967945
322599 255 418002562
322625 358 604496421
322633 30 50318150
322617 384 662570098
322633 115 189021943
322633 139 227654798
324293 1099 2040223382
324293 872 1615926242
324293 886 1640204892
321149 601 907306692
324245 1376 2553617589
324245 1410 2619393582
321149 203 270209298
321149 438 640887524
321149 895 1355839568
321833 125 236727154
321817 272 480588184
322381 530 927748565
322430 470 811552585
322407 529 922253479
322407 210 317236614
321818 291 486721700
324293 131 174244612
321818 389 664506712
321820 117 179794586
321818 522 911225100
321818 599 1049962036
321831 403 695813264
324077 706 1280137390
321831 298 511615373
321831 481 844306628
322381 178 258978684
322407 428 739703281
322407 581 1002893288
321832 72 119775288
322381 165 232300282
322381 416 714559119
322381 492 858590246
322381 473 821507971
322430 99 116102419
322204 873 1557660832
322431 303 529284080
322348 637 1163020674
322348 711 1292796934
322204 707 1264149383
322348 1090 1945928608
320804 480 717598222
323524 263 501663560
323525 829 1447845966
323524 181 343260348
323526 64 101466806
323526 69 107762760
323526 234 350104410
321988 1229 2157164510
321988 1275 2235038006
322204 753 1336554498
322332 916 1605511952
322022 990 1701362155
321990 16 29234069
321990 132 242547219
321990 295 528801704
321990 423 734789589
321990 460 780954495
322022 689 1195785372
322022 806 1400689930
322022 883 1531335291
322022 950 1638648266
321167 244 381326580
322204 895 1596392112
323702 427 757929529
321140 539 779564456
321140 568 819191929
322319 72 116612715
323702 246 421290336
321988 272 443065245
321988 411 706312740
321988 217 335438354
321973 330 558757424
321988 437 752709878
322204 983 1750583384
321988 473 818674637
321973 992 1721945847
321973 1159 2019342101
321975 336 595828710
321988 1115 1959960943
321975 43 66223092
321975 843 1364019773
321975 546 936920054
321975 731 1216249506
321975 744 1235293384
321975 759 1256545673
321051 612 896634586
321051 620 908839845
321755 539 835526786
321760 39 65024774
321051 321 432754613
322324 157 277688907
321067 255 350381425
321051 549 793694579
321068 480 719029910
321055 38 59875869
322324 262 457694023
321755 216 320812410
321068 402 601015022
321068 439 658455620
321055 521 772954313
321055 210 311846386
321055 211 313731399
321055 287 417830471
321055 508 753752102
321068 615 908492370
321055 16 24849006
321760 640 1082408194
321760 326 548800658
321067 82 74862827
321067 300 418864887
321758 14 22469548
320917 1498 2356519324
320917 1619 2558048264
320920 37 49056482
320920 130 170208118
320934 616 972715880
320934 737 1170155319
320934 492 772200725
320934 327 527928461
320934 565 885193198
324201 1188 2238790029
324729 124 155079273
324747 401 674326811
324785 140 121543639
324747 177 218043439
324747 194 248162809
324765 237 469019441
324747 309 486500237
324747 495 870086895
324772 61 77289784
324765 163 323763124
324765 104 199618871
321051 772 1138488171
321068 377 562264852
321068 163 232252666
321068 547 816422367
322332 437 754825622
325170 123 235303948
325170 209 394163571
324835 70 62096474
324021 546 978374517
325170 563 1045419441
322324 309 532300403
322324 337 576468665
324021 178 259848413
325159 124 141560026
324021 367 620470773
324785 597 1036889022
324791 47 86880620
324022 200 355517192
324022 200 355146498
325101 450 835519559
324021 774 1411819818
324021 776 1415005298
324021 781 1423663054
324021 801 1460598298
325117 209 381652127
324022 167 292402192
324791 445 814624593
325101 211 382612894
322332 62 51772631
325172 433 636582374
324841 1062 1962013222
324791 382 705008852
324835 349 611862339
325170 31 58394203
324841 1207 2217921154
324841 17 30501457
324841 866 1590607141
325170 849 1577280401
324841 303 575433666
325170 924 1727818110
322332 958 1677751238
325170 996 1863355771
325170 1020 1907010912
325101 346 640734657
322332 220 341527854
322322 97 188484956
321138 355 518636936
322348 120 176204850
321305 1445 2275318829
322356 753 1365812962
321305 1997 3106057878
322322 909 1649721683
322322 855 1554365280
322348 436 781530776
322356 115 222487406
322356 117 225528465
322322 1169 2093874654
322348 804 1457870128
322348 1342 2380619642
322348 1115 1991712129
322322 754 1369735076
322332 743 1315393248
322322 509 948396492
322348 64 65863013
322356 656 1209506507
322356 709 1294699711
322348 1128 2015628703
322348 1136 2029958228
322348 1469 2625922488
322356 376 714340769
320917 25 37604039
321177 344 499568660
321177 272 393128548
321177 240 345243104
321218 110 109990276
321218 178 215330873
321177 393 578756714
321218 437 620524155
324201 1035 1979968034
321218 510 730748475
321219 65 91130204
321218 932 1383343094
321219 433 641071129
321305 1258 1987151086
321305 827 1342074798
321305 789 1285897740
321305 985 1585468181
321305 2209 3392269662
321313 309 201118325
322348 299 525819464
322348 353 628479538
322348 360 640968655
321233 243 379250259
321295 383 611971924
321296 37 56630916
321295 186 298111920
321283 105 114739543
321283 108 120303697
321283 253 373367467
321305 225 359015678
321295 655 1038760955
321305 186 292104145
321295 437 693373857
321295 168 267706435
320887 230 307556789
320917 678 1117551243
320917 227 374979692
320917 716 1178547767
320917 262 431123951
323473 180 334889520
320917 814 1327607408
320917 952 1525045841
320980 62 44214451
320980 62 44527838
320757 338 480911823
323524 387 741744214
323525 257 437774471
320804 373 551614428
323488 391 708894793
320804 393 583557666
320804 381 565631900
320804 417 620894043
320804 502 751859100
323487 236 413075447
323525 652 1114703102
321475 1712 2670057979
321475 1820 2828230625
321475 1853 2873106512
323488 37 71904203
323495 76 138088528
323488 407 734991249
323525 236 403803482
323525 111 196045141
323525 486 841942037
324970 669 1232077452
324293 1012 1882039171
324970 625 1151035577
324201 246 461812738
324201 49 62879236
324201 63 90623141
324201 429 839050113
324245 732 1384487646
324245 1230 2278922156
324201 844 1618656057
321732 201 377952897
321732 407 754519347
321732 436 807324103
322106 330 542715754
322106 344 569979460
323487 66 60722958
322106 647 1144755692
321909 107 187079007
322068 469 794230238
321909 298 510327604
322068 492 834996771
323487 123 177099458
321909 1089 1853727183
321909 974 1653958496
321909 996 1693533404
321909 753 1258189700
321909 784 1306861692
322068 719 1255949414
321917 634 1157457192
321917 643 1173345369
321917 803 1454610070
323696 128 247962555
321167 417 652647130
321140 86 134865196
321140 98 152856472
321167 846 1309361444
321140 674 956464406
324293 644 1203014849
324293 665 1241987484
324318 114 237153459
324318 271 550117777
324970 295 523038824
321167 133 198719832
324293 778 1452705950
321813 35 35716885
322118 452 835633691
322179 650 1135881379
321813 220 366709265
321813 230 385436599
322179 455 773640615
322179 458 778944552
322179 467 794907388
322179 329 541392994
322118 566 1038411776
322179 534 918278637
322179 79 70319171
321879 320 525299971
322179 896 1547758380
322201 181 277540885
322201 189 290482159
320688 132 130615492
321124 809 1207070610
320688 196 228985186
321124 531 790641046
320688 219 265794010
320688 361 492295117
320688 406 561778753
320688 505 708549285
321119 87 77439821
320688 476 667419198
321887 74 49869539
321119 130 143477009
320712 188 249298301
323725 292 527044484
321067 424 598769375
324245 1338 2481455898
321122 207 334580625
321124 125 183735746
321124 599 895836207
321124 637 952285612
325172 193 300241842
325172 298 453581215
325172 312 472468238
323525 876 1535220626
321887 169 213003144
323727 778 1405941286
323524 287 546691542
324318 207 420551744
323727 409 750105600
320757 164 189787693
320757 273 374183092
320757 256 346405932
320804 95 97408191
322022 154 210459506
321710 31 48084733
321712 2 2415762
325057 111 133887612
325099 26 48764503
325022 1450 2071521727
325022 496 801214858
325099 161 315250898
325022 675 1074384593
321887 407 639458695
321961 312 578804200
325022 664 1059131612
325022 552 889041192
325099 357 722719740
322022 1715 2986053552
321414 590 1013326815
321396 442 722295439
321396 1229 1893974825
321396 902 1404868775
321396 1035 1612727118
321414 1067 1801148449
321961 29 56242281
321414 1257 2083465148
321397 119 169697143
321414 498 855296164
321415 189 300201849
321457 103 115884393
321457 183 262055841
321457 495 782501479
321436 324 490152876
321436 428 643059154
321457 165 229555267
321434 45 75317167
321434 203 339779030
321434 487 798200674
321457 141 185413083
322617 133 220088145
321457 362 552156358
321457 603 956162896
321457 948 1519852110
322617 485 823766397
320674 304 168934630
323755 512 926280761
321305 560 910564294
323755 909 1652497847
323775 94 103200000
323778 3 4393027
323778 171 330453229
323790 296 486194323
325000 332 615043455
325000 340 627595893
324997 63 49707560
324791 628 1132263708
324791 629 1134683024
324791 1147 2061960501
325001 143 257156876
324791 1209 2145813919
324878 455 811106383
322617 450 769374355
324878 1293 2401840308
324878 1532 2838685233
324897 104 143928273
324980 2074 3714019267
324980 1686 3099798385
324980 2145 3813320440
324980 1982 3579148209
324980 1057 1960900871
324980 783 1459384871
324980 651 1215507581
324980 1374 2518580385
325000 161 298699962
325000 255 462622819
323470 103 159828503
323470 109 171756796
323470 264 485227296
323470 232 419435308
323470 71 92433669
323474 49 94960955
323473 156 291853135
323473 34 60304426
322106 442 755322755
322113 138 180169583
322106 97 110293733
322106 691 1224560722
322106 267 430632163
321312 518 417319556
321712 133 255852619
321712 133 256350620
321730 218 399696587
321732 368 683019359
321755 54 43303140
321732 938 1681715552
321732 993 1769636364
321149 1677 2513075026
321167 161 243612834
321177 112 136115661
320824 792 1183344473
320824 953 1375328856
320824 1010 1439879399
320838 150 183334470
320855 336 526680640
320838 213 293897064
321006 55 100615318
321006 83 152776244
322605 206 396948655
320856 15 23589890
320853 107 117236576
321006 113 207671310
320853 258 366696058
320854 45 73043622
320855 128 200538704
320855 142 223460364
320855 395 612586838
320855 395 613239410
320855 405 627035179
320855 541 842506595
321004 113 140574950
321010 20 34604476
321010 86 143356830
322179 1236 2127394317
322179 1247 2146613725
322252 791 1391107092
322252 1187 2064442569
322252 837 1471128005
322252 970 1691144576
322252 278 451167943
322252 1145 1992362910
322252 460 794533589
322252 1122 1950910019
322252 1332 2304541246
322252 1233 2142765648
322252 1510 2620491564
323725 119 189499124
322356 265 508202189
324293 1627 2994803213
324293 2156 3770933030
324293 1902 3429640449
324293 1913 3444577779
324970 891 1652182123
324970 1062 1960218366
324970 1696 3122120263
324970 1380 2564776559
323755 60 67634457
323755 148 225306095
323755 237 378724824
321909 864 1451246862
322068 131 167890594
322068 76 59641020
323778 122 237081722
321475 1551 2408507684
324245 667 1268014083
321887 565 927271986
321887 80 60668115
323727 28 43349790
322252 93 101567401
321908 460 759281605
321909 65 114736988
321909 1638 2649747061
321909 1639 2650555500
322480 153 180739270
323790 750 1351900282
323790 658 1181808371
323790 777 1398057701
323857 168 311108404
323857 208 381966927
323857 257 466201606
323857 317 557543322
321461 66 94726259
321457 1054 1679132661
321475 971 1542155637
321457 1430 2247375544
321457 1209 1900213344
321457 1216 1912611518
324245 746 1410433766
321461 134 182180698
321457 1291 2033120727
321475 688 1103410001
324245 225 403311287
321475 190 253911542
324245 519 986946446
324245 572 1092211610
321475 847 1357716124
324245 640 1219859404
321909 1155 1961093016
321917 39 62930415
321917 176 307333323
321917 772 1401263970
321917 717 1307532135
321917 724 1320946439
321230 63 39377590
321233 423 661009157
321283 355 533240641
321233 370 577709362
321295 276 447481967
323940 1381 2534447371
320823 217 338103041
323940 1396 2566067483
320824 327 519623978
323940 874 1596309087
320824 293 461397060
320809 292 454536575
320824 495 779943794
320824 127 185335882
320809 421 631964681
320824 409 651779251
320824 148 215239646
320824 160 235830225
323940 1345 2460677594
320822 68 114039023
323997 276 510482141
323997 118 226649726
323940 371 625351684
323940 402 688784093
321149 582 876509954
321126 456 655388093
321134 38 19468926
321149 232 311507005
321149 292 404812082
321149 495 731286516
321908 217 304908185
321908 224 319493936
321961 303 561388025
321813 261 442302947
321813 268 455751024
322431 618 1075495224
321778 57 95640178
321778 12 19460162
321813 195 322707550
322204 57 108733298
322179 125 158970271
321815 1 648328
321817 18 32638435
322431 752 1328533361
322480 250 362480989
322492 57 97830335
322492 1048 1848012152
322492 242 412271841
322492 113 195248666
322492 1167 2050848324
322492 1211 2123884665
322492 406 700608309
306459 817 1102341079
306154 1045 1868222450
306154 207 320347368
306041 1 1402191
306092 824 1468318420
306139 970 837696560
306125 671 1209651146
306125 275 470008954
306125 1804 2929683861
306125 1415 2441882206
306138 372 571654075
306459 121 194729320
306459 702 972134423
306459 710 981649093
306459 703 974018442
306459 265 407026786
306460 23 18947227
306456 432 723522762
306456 502 835504162
306459 185 291283344
306042 77 142308799
315790 3 1765531
315557 6 6180044
316240 271 381205030
315786 17 15882515
316218 629 862858085
316240 539 739401700
316240 611 850695380
316240 389 531402529
316505 407 486185958
316505 602 726707975
316505 238 278422899
316505 860 1106567382
315322 1232 734207044
315644 65 81622955
315973 62 38735808
315973 435 528018186
315790 353 247458178
315973 839 941187692
316059 127 143754395
316380 573 432237272
316758 318 442642916
316718 83 129776077
316666 448 627537250
316590 307 431818626
316666 394 549578492
316569 554 726758799
316569 640 847726355
315800 320 398821634
315800 327 407451149
316569 1386 1901947073
316569 1393 1912318981
316569 1400 1921611600
316590 36 30841255
316590 88 112891578
316666 748 1067577308
315512 737 575582650
315489 191 114086724
315489 684 369742393
315506 49 56617084
315510 173 194043061
315512 485 406193439
315800 471 579875324
315512 227 204713895
316716 71 89043078
315420 57 34808196
315420 177 136502627
316569 1681 2307061904
316666 511 721349024
315645 309 310374614
315645 363 358468253
315646 60 44753324
315646 732 465427569
315646 747 473167867
315646 672 434177003
315646 973 592324611
315646 593 390549603
315689 155 173814189
315689 93 93767884
315689 943 966013548
316701 367 530637037
316701 214 300207795
316702 118 166878041
315840 252 307432948
315801 229 227516874
315366 616 331869600
315840 441 545109305
316187 377 496523815
316199 169 229810531
315840 88 79810780
316199 798 1092098501
316380 302 203315719
316457 118 156234187
316457 87 117079664
315322 697 467304056
315840 955 1057317056
315339 280 188116521
315339 452 301797375
315557 173 192443525
316153 499 652512325
316718 200 301593041
316722 61 86629026
316758 241 339141588
315790 562 371879520
316271 74 67802469
316995 144 201315058
316187 1366 1869904504
316201 320 446486230
316217 94 110575251
316218 19 27470458
316114 201 221487018
316766 510 653504612
316766 1640 2284781927
316766 116 117475183
316766 488 625992098
316766 490 628889289
315713 511 659816257
315713 687 861017283
315713 699 874453799
315721 527 663361765
315764 147 182677132
315764 172 222540538
316716 151 191183376
315784 122 151659376
316114 622 606196552
315420 1019 671914093
315488 46 16440549
315488 153 137228779
315488 587 553218105
316457 864 999053612
316457 933 1077253693
316457 1382 1544663022
316470 40 54267367
316472 10 11594497
316217 37 43756251
316766 97 86566305
316153 157 223425501
316153 198 277991632
315267 191 185398360
315270 149 127905149
315322 489 347673916
316758 61 80275386
316877 275 417997597
316380 41 29939812
315784 140 179001680
316701 77 90555172
316876 446 622639677
316758 1288 1864110459
316758 1471 2124496806
315785 83 110478126
315785 90 119956318
315800 140 157388415
315703 187 207396502
315703 455 464679129
315703 463 471814769
315705 60 45799841
315705 177 130839835
317392 1872 2706685409
317435 151 190010910
317435 107 138435410
317435 76 99755678
317435 797 1134083523
317435 1285 1850746420
317435 1307 1880977091
317435 812 1155230689
317438 31 49249189
317640 640 935249979
318877 561 804170550
317626 713 1083058843
317640 51 53011703
317640 820 1210928964
317340 141 183752067
317340 209 269067154
317339 68 107419239
317649 20 16838122
317661 992 1481046899
317661 1062 1576650120
317383 21 31715047
317392 56 77521256
317392 1033 1442231703
317320 1560 2340784591
317320 1715 2587338570
317663 194 273107643
318872 242 350550371
318874 52 85126179
318874 257 414516096
317527 228 273313859
317527 617 823860944
317650 147 211232763
317649 121 174239163
317087 619 801768036
317087 657 858855880
317089 406 586882793
317089 192 260979542
317089 787 1156949221
317213 275 344915346
317320 1379 2037215587
317320 851 1222868382
317319 175 215674344
317291 97 102736214
317291 592 804671237
317297 26 35354601
317319 149 176360544
317297 192 264543316
317291 494 660186255
317292 133 202291204
317626 1392 2108287961
317626 1394 2110561284
317641 180 257260859
317484 104 126229668
317488 555 804120399
317488 252 351785596
317488 333 477275919
317488 370 534332331
317182 742 1020282480
317182 119 126278010
317182 260 332268575
317626 1881 2834649520
317591 269 349429580
317591 127 156821518
317182 1335 1914444221
317649 382 586662202
317696 328 461628032
317320 1215 1805615388
319698 79 120064949
319698 278 407269140
319756 46 25512839
319756 169 220324059
319991 668 1037265502
319524 110 113339236
319579 1060 1575611576
319579 910 1340990944
319991 572 871723210
319991 762 1189432401
319993 108 178548380
319992 60 93859955
320038 166 218402463
320038 348 510752901
319579 1135 1688814839
319579 1845 2886623907
319579 2701 4163806786
319524 475 670231327
319625 52 66107811
319639 52 41982749
319639 296 452289827
319639 390 610724971
319639 523 813703939
319639 592 915057519
319639 681 1038616453
319639 751 1132599814
319639 839 1243782765
319639 1038 1477022325
319639 1129 1619412119
319639 1132 1623269193
319639 1200 1731357940
319910 92 147076423
319910 288 492769724
319910 645 1142610602
319910 657 1166552561
319910 674 1202451179
319910 802 1454502545
319910 869 1579743402
319913 11 15800867
319913 12 17801754
319915 165 254449151
319941 178 258464622
319942 32 53642737
319524 569 816151764
320038 55 33537572
319456 187 265271731
319993 264 424614609
319993 705 1108122996
320006 104 174934669
320006 170 284342721
320006 265 449416010
320010 99 142648690
320010 231 363003570
320010 274 430974548
320011 118 182908829
320023 56 68471411
320023 79 103959781
320023 182 267284929
320024 59 96530329
320024 260 437063291
319449 463 660354044
320064 24 39783707
319450 521 784814497
320061 39 70964105
319756 292 443413526
319756 371 578831426
319756 452 718729556
319756 506 813906488
319756 511 824332497
320040 24 37621988
319756 792 1290522324
319756 1015 1632737059
319756 1101 1769569329
319756 1542 2453568406
319756 1542 2452745133
319756 1501 2392130859
319756 1966 3099570876
319840 57 52370077
319841 79 121660249
319849 89 141420991
319849 101 160091939
319849 192 313964741
319849 371 614147451
319853 15 23581365
319853 174 277231165
320039 5 6638345
320040 33 50754871
320065 252 408113102
320065 778 1231857737
320065 860 1352878314
320065 886 1390937197
319656 183 196527676
319656 247 305888642
319657 107 173307644
319658 11 12484938
319658 161 259284473
319678 86 92891778
319678 38 19362780
319687 51 26449594
319697 281 422083224
320040 471 731607632
319337 1060 902233545
319337 1619 1577234820
324245 1261 2328445975
324293 229 369400232
322625 471 823090779
322625 677 1200445797
322625 236 373434320
322633 38 61925676
322633 66 108803998
322617 8 11412486
322625 116 147991715
322625 659 1168244243
324293 1104 2049452858
324293 900 1666718467
321138 481 689232332
321138 496 709748031
321149 711 1077656551
321817 118 214273418
321818 21 37646330
321831 698 1240387473
321817 477 817157083
322430 462 797276325
322430 467 805722499
322381 368 620469328
321832 265 442129991
322431 235 407999951
321817 418 724934075
324293 216 342092829
322431 345 602440628
321820 126 187935546
321818 339 569693136
321818 363 614177118
321818 461 800553855
321818 473 821877637
321832 82 135608429
321818 522 910610671
322430 357 591352804
321831 342 590705890
322430 267 422954113
321832 32 52314769
324077 611 1097170193
324077 619 1112981857
321831 300 514345319
321832 222 364674572
321832 450 760852633
321831 332 573035301
324729 13 14638326
321831 611 1082528252
321831 581 1025750370
321832 157 254173858
322381 516 902586118
322407 540 942148225
322430 144 195124617
324077 504 886412112
322431 145 242296633
322431 417 720195815
321305 2303 3507783283
321305 2032 3155192004
322348 67 72072985
322348 96 130566192
322348 559 1017241545
322348 719 1308293100
323488 220 408926850
323488 227 421422648
323488 88 167031618
322633 182 301699577
324293 413 745218977
323526 50 79386607
323526 122 188733575
323526 136 209816320
321988 1451 2533514577
322204 757 1343838804
321988 1395 2428757225
321990 72 135668037
321990 197 359670616
321990 431 746210174
322022 662 1150311625
322204 834 1486183430
322022 1225 2110565014
322022 1257 2164531327
321167 257 401648711
321167 451 709575507
323727 821 1479518160
323727 839 1509293167
323702 532 936377456
323727 864 1551683242
321167 543 854967181
321167 896 1380617146
323702 135 221155468
321988 277 453963676
321973 65 60931713
321988 84 85966230
321988 161 232483217
321988 93 102351673
321988 376 642792292
321973 368 628284110
321973 1069 1862415162
321973 881 1544276947
321975 142 237546759
321973 562 990053887
321988 548 966036380
321975 322 571161362
321973 730 1288877924
321975 600 1020496461
321988 1183 2080475965
321975 702 1174246832
322332 370 629648722
321775 9 17453885
321051 627 918859537
321068 117 169333992
321755 146 205789592
321051 297 397742910
322222 190 371964747
321755 410 618581739
321068 121 173993923
321755 699 1113569387
321051 541 783049463
321068 24 34998189
321068 341 509614974
321068 472 707766058
321051 679 997449861
321055 68 104967517
321055 69 106967379
321068 207 300580569
321055 87 134436266
321051 997 1461435859
321051 1016 1486988183
321055 156 236468502
321055 616 910710853
321055 443 653370536
322222 346 656530800
322332 1049 1848313186
321068 524 784140085
321760 426 731370219
321755 228 341322666
320917 1219 1947629871
320917 1263 2011529813
324201 116 191276622
320933 195 270257077
320933 202 282113612
320917 1819 2872723072
320917 1876 2955474992
320934 528 822460419
320934 780 1236305787
320934 592 930726356
320934 428 679783421
324785 88 30594948
324747 156 179619603
324747 164 194465993
324747 396 663505748
324747 358 583484147
324747 370 606775739
324747 644 1163831042
324747 682 1237465813
324747 718 1300227018
324765 51 89721049
324747 954 1744895321
324772 46 57853008
324747 1112 2041862925
321051 785 1158951318
321068 386 576310250
321755 661 1049512914
321068 166 236878319
321068 551 821827182
321069 27 43361227
323983 60 121511273
323983 130 258965169
325170 193 360561661
325117 500 844173916
324021 539 963026516
322222 374 703163790
322324 334 572409483
324835 223 362334338
324785 343 523989628
324021 523 931425051
322317 84 81719101
322319 140 242043348
324022 384 701404031
325170 740 1360504634
324022 468 835920161
325117 202 370380755
325172 12 14240572
324022 108 191259043
324022 113 200989827
324835 216 349755998
324785 406 656388984
322332 129 177004809
322319 123 211974514
325159 253 402200926
325117 267 480379381
324835 343 606104375
324841 21 37955126
325101 312 575040321
325101 313 576924426
324841 299 567608187
322332 535 939817552
322332 959 1680446264
325101 358 663119350
322332 224 351190223
322332 283 466669058
321149 151 193046970
321149 918 1388621513
322356 558 1041961785
322356 621 1150772948
322356 623 1154314032
322348 671 1222003558
321305 1558 2448835318
322356 171 325051835
322356 728 1325236185
321305 1588 2492352771
322322 1168 2092499270
322348 413 740083894
322322 417 780840137
322322 672 1227715715
322332 731 1293392591
322332 734 1299323165
322356 590 1097339361
322356 403 764591220
322348 397 711218535
322348 471 850068942
322348 1130 2018897512
322348 1143 2042064514
322356 523 980667973
322355 89 94478186
320917 36 55719730
321177 223 319191362
321177 289 417567607
321177 294 425883752
321218 668 983256007
321219 225 323157101
321177 450 670669323
321218 311 415296359
322332 817 1441718672
321218 471 673169748
321218 901 1337945676
321219 266 387159608
321219 370 546697675
321219 380 562662716
324201 1079 2056749334
321219 840 1256356695
321305 701 1142960029
321393 101 156394792
321305 835 1355104768
321305 993 1596909661
321305 1406 2215497570
321305 1177 1865114428
321305 1820 2837316065
321305 2644 3883913029
321313 367 236386897
321396 4 6048449
322599 105 133226738
321233 523 825321266
321233 687 1075293439
321233 704 1101231034
321283 140 176766076
321305 240 384223244
321295 338 544484847
321295 84 134870829
321295 86 137462153
321305 351 558842550
321305 331 524486285
320887 311 438122978
320887 96 90243262
320887 107 110128379
320887 146 172619156
320887 229 306247874
320917 307 504014427
320917 654 1079507553
320917 672 1108996802
320917 830 1350735694
320980 117 143538354
323524 472 895844762
320804 342 501409345
323488 272 504917133
320804 657 993739406
320804 716 1079744183
320804 791 1185396131
323495 132 243810058
323474 242 450972628
323525 225 386877279
323524 445 848546656
323524 455 866410669
323525 118 208440417
324293 754 1410063558
323475 19 37613328
324970 916 1698521226
324201 162 287070930
324201 950 1823352190
324201 466 911990445
324201 606 1184936804
324245 1223 2266786065
324245 1588 2952804716
323488 4 7143857
321732 439 812742317
321732 457 844463715
321732 526 966424703
321732 693 1242660767
321732 769 1384533938
321732 813 1464161577
321908 262 392139015
321917 686 1253080576
321909 331 564465777
321917 296 538613938
322068 471 797599258
321917 110 192250602
321909 304 520097618
322068 339 554030124
321909 986 1675205418
321909 626 1051572990
321909 690 1157854072
321909 1218 2064199573
321909 1236 2093807011
321909 1252 2118631886
321909 1261 2132370656
321909 1286 2172545166
321909 1574 2576632655
324318 43 88921600
321167 327 510775543
321167 343 535351684
323488 306 564851791
323488 314 578608710
323702 521 916927600
324293 647 1206517787
323524 140 265807027
321961 192 349978832
323727 74 132591089
324318 95 199247917
321138 704 1011248074
321167 143 213552289
321781 300 554112778
322118 671 1222555953
321887 469 757509951
322179 656 1147281359
321813 154 251513237
322179 320 525110398
322179 538 927044182
322179 240 367167856
322179 351 583955000
322179 914 1578438539
322201 52 40302221
322201 163 245258857
322201 188 288024652
321122 372 608190050
321124 490 726271273
321124 718 1077790736
320688 143 147053622
321124 781 1167561126
321124 513 763036836
320688 325 435648202
320688 374 513032732
320688 299 392650843
321124 254 374324978
320688 490 688639349
320688 510 715511702
321124 90 130531888
321067 372 523594981
321067 412 579567523
321067 489 697601457
321124 356 520475012
321124 441 649318918
321124 57 81628175
321124 110 159861062
321124 183 270261271
321124 233 344616126
321124 211 312013575
321126 1 576279
321126 26 25557734
321126 227 327350872
323702 119 194585752
324970 173 294489305
321887 306 464702563
321887 315 480942833
323727 158 294275355
324970 262 464630488
324980 211 327491140
323725 199 341175660
325022 110 128966697
325022 350 555515291
321887 529 863461877
321887 569 934294849
321887 650 1072735332
325022 288 450857169
325022 394 629334092
325022 1161 1681507644
325022 1357 1912141727
325022 1512 2186546444
325022 555 893994782
325022 622 996926752
325057 241 384947807
325022 1124 1640938626
325022 1294 1820559565
325057 56 33556016
325099 223 447350967
322022 182 258748154
322022 228 345095556
322022 275 434034697
322022 460 780671767
322022 625 1085844937
321414 1199 1997285841
321396 701 1120268351
321396 325 528675065
321414 872 1486299463
321414 102 148440416
321396 425 694174668
321414 724 1244385567
321414 729 1252977135
321396 1311 2011892315
321414 707 1215261392
321414 45 46011794
321414 190 316941081
321414 568 975541394
321414 434 741380144
321414 815 1396768416
321432 29 46919298
324293 102 126749891
322625 261 423550872
321415 778 1204583913
321415 99 159775899
321457 674 1081860481
321434 102 169267477
321415 603 951671733
321415 603 950957061
322605 43 79410528
321431 82 102022532
321436 338 510595594
321457 899 1442169383
321433 43 67356134
321434 378 626370646
322625 178 256765777
321434 225 377947836
321457 156 213284646
321434 607 981826254
321434 629 1012753460
321436 165 246730919
321436 287 435995852
322617 129 213062168
322617 167 274070708
321457 570 902109155
321457 711 1142042805
320673 818 499020474
323775 85 87510575
323778 187 359674097
323790 316 523890691
325000 339 626818195
324791 939 1726321669
324791 950 1744882872
325001 147 264749195
324878 659 1198421899
324878 84 73517920
324980 1033 1916290309
324980 1111 2059293528
324897 133 195701252
324878 458 817196389
324980 461 841873771
324878 199 293180693
324878 262 426937109
324878 923 1687568726
322617 443 756808779
324878 416 737849442
324878 419 742950483
324878 1192 2198788362
324878 463 827696090
324878 561 1017926853
324878 738 1338476709
324878 749 1358868605
324897 51 45103596
324878 1578 2919966068
324878 1171 2156122494
324878 1721 3171101600
324878 1508 2796656833
324980 1973 3565832132
324980 2193 3879424304
324980 693 1297767544
324980 658 1230037857
324980 1167 2159826081
324980 1405 2581046770
324980 2054 3685886991
325000 228 417017255
325001 26 46736615
323702 601 1049197413
321149 1150 1727917259
321149 1435 2146063872
321312 561 449007321
321149 1253 1883065772
321149 1474 2201085654
321167 922 1415516497
323702 285 496901421
322106 478 819072339
322118 320 583715652
322106 844 1492003597
322118 323 588799839
322106 505 868295681
322106 826 1461656880
322106 124 163745736
322106 546 950565594
321313 20 11885617
323755 293 489928058
323755 481 862855790
323775 43 22117620
323775 50 28514826
323778 238 464443235
321730 266 496468129
321732 282 527986819
323727 915 1637177782
321140 732 1028691825
320824 815 1212473676
320838 331 493199796
322617 285 490520943
322617 329 567730974
320838 124 141474337
320996 199 321099932
320996 311 483480105
320840 13 21132544
320841 195 283092216
320838 206 281947572
320857 35 51218682
320857 58 85539407
320838 269 383933555
321010 140 232031579
321006 84 154457965
320841 18 25703153
320853 334 495780077
321004 178 249687977
320840 113 188086145
320840 343 564303812
320841 70 104651962
320853 271 389684047
320853 274 394756002
320853 236 329368119
321011 2 1828657
321011 40 57500153
320855 150 237754593
321005 56 106744984
320995 118 165337670
321007 358 579113932
321007 247 410652281
321414 176 291331201
322179 1261 2169461866
322252 625 1103016982
322252 1215 2112403779
322204 431 790055058
322179 1644 2825535711
322252 180 258335579
322252 484 841203547
322252 292 478435006
322252 403 685211799
322252 899 1575586708
322252 1010 1757253350
322252 1406 2418528714
324970 1257 2321189581
324293 1176 2173474436
324293 1213 2235808492
324293 1545 2850564466
324293 1605 2956802155
324293 1614 2972530429
324293 1647 3029460090
324293 1676 3078926464
324293 1754 3205429020
324293 2063 3651082844
324293 2268 3907320335
324293 1885 3404607839
324970 1349 2505022035
324970 1702 3131667319
324970 1729 3174657934
323755 398 691146601
323790 95 94640412
323778 616 1169788115
323778 669 1261691887
323778 562 1072417734
323778 719 1347388669
321909 676 1134632803
322068 695 1214124559
322068 406 677912395
323755 559 1016025196
323755 566 1029459800
323755 659 1202091825
321475 1593 2477533818
321475 1306 2057935957
321834 31 43926776
321834 159 242600938
321834 240 355283651
324980 337 584292366
323693 67 68441407
322252 123 154176132
324420 183 385212387
324420 37 77393975
321933 212 327084399
322480 134 146326151
322480 155 183388759
324420 573 1169093484
324420 81 170041321
322480 211 290208020
323790 661 1187297798
322492 255 433721076
324420 306 637185028
324420 315 655885913
323790 581 1041001458
323790 585 1047153890
323841 218 337081824
324420 151 317906482
321457 1010 1613641157
321457 1027 1638302188
321475 1167 1845536224
324245 808 1515919830
324245 826 1546242107
321457 1195 1879664447
321457 1353 2131203998
321457 1288 2029272121
324201 1254 2358314915
324202 101 84658568
324202 119 99226817
324202 186 152557026
324206 96 130152198
321475 87 86105206
324245 168 288404100
321475 279 414037856
321475 833 1335091681
324245 652 1241631373
324237 235 398693845
324245 315 587776004
322068 203 299315963
321917 406 736033476
322068 297 472874268
322068 531 912003261
321067 202 269202643
321295 513 813434119
321295 260 421676701
321233 489 770152162
320804 1160 1750053289
320823 178 276498964
323940 222 346759920
320824 197 300303368
320809 284 442498940
320822 311 517877522
320822 215 365161518
323997 374 697698658
323997 387 722854624
323940 1090 2003414275
320822 9 13141583
320823 51 71956716
320822 166 283347915
323940 1154 2121663015
320822 512 831095454
320822 346 575623238
323940 905 1653248597
320823 267 416374381
323997 446 834017549
323980 165 332604073
323940 191 290786665
323980 36 72582598
323940 346 574174540
321126 490 692342694
323727 31 50235377
321777 200 350163731
321777 107 174242110
322179 671 1171701478
322431 623 1085691623
321778 26 43350494
321780 359 612039060
321778 53 89424483
321780 168 272679704
321780 196 322034935
321780 287 486783151
321781 10 12063042
321781 131 243740536
321781 162 301317618
322204 251 465941632
322204 9 13904521
322179 342 566647748
322179 761 1327658939
322431 443 760864005
322431 580 1000425962
322492 1352 2341953110
322492 746 1284878105
322492 669 1147185710
322492 828 1445766095
322492 226 385536287
322492 579 1000531796
322492 412 710882008
306092 284 533443176
306092 377 710078003
306092 903 1582450999
306042 40 74078844
306155 1045 1324399519
306459 1031 1333956396
306459 2107 2315763366
306048 31 60007553
306041 286 525289990
306154 127 176634360
306154 184 278442771
306155 458 658033026
306048 105 201876206
306051 256 355503367
306092 113 205882714
306092 678 1240992516
306125 132 229878424
306139 673 579420227
306125 1238 2193400871
306139 645 554202568
306125 704 1275090005
306138 55 94049514
306138 519 770920175
306135 1002 1796691106
306135 903 1605209749
306135 579 1013005381
306135 860 1536237892
306459 1040 1342951589
306456 234 415242477
306456 722 1260099482
306458 247 427238940
306041 283 521019260
