    run  lumi       event
 301447   225   205045694
 304169   487   764595338
 305366  1168  1545130981
 301665   395   327728284
 301472   253   237806349
 301959    67    52680445
 301664    41    10401499
 301447   319   302082153
 301531    30    23315756
 301998  1312  1072045872
 301998   210   208806574
 301283   829   674745788
 301330    90    77792178
 302031   266   287280676
 302526    52    48778942
 302635  1281  1114177909
 302131    72    37317074
 302473   176   173093175
 302635    28    28678142
 302322   862   675192703
 304777   269   462913715
 304562   305   447686263
 304507   202   245819258
 304366   522   854144651
 304333   102    98260291
 304797  1365  2270024445
 304671   428   683047400
 304797  2343  3171728854
 304125   783  1158042283
 303838   122   133075728
 303999   643   985203116
 303838  1026  1414495887
 303885  1826  2161486020
 303885  1317  1715363367
 304738   474   799136852
 304562   523   840083149
 304663    25    47021687
 304738   133   235622709
 304333  1637  2340300003
 304144   488   824347055
 304562   252   353795840
 304616   458   729013901
 304671    93   105386963
 305112  1144  1951579081
 306095    83   110726420
 305809    56    37008222
 305313   124   219796159
 306038    30    58428072
 305766   129   171770709
 305064    23    34909110
 306092   618  1139577886
 305366   507   817241897
 305967    20    35948185
 305589   308   593289357
 305518   965  1565685653
 305517    63   109497212
 305842    95   113314862
 305112   219   304053089
 306459  1647  1928284447
 305237   988  1861537529
 306459    93   150885075
 306454    16    20628750
 301447    88    56689574
 301959   831   901008804
 301567   236   230046645
 301397   470   346865022
 301472   216   197670322
 302393    92   109395109
 302337    63    36354077
 302328   661   569720971
 302280    16     9621396
 302484    97   131441384
 302472   302   381050047
 302573   912   854512564
 304562   246   343943307
 304738  1478  2261854439
 304120   119   232877671
 303832   704   861104229
 304169  1027  1470312745
 304158  1236  1551055132
 304616   487   784449095
 304797  1671  2598859499
 305045   449   758687924
 305178   120   120712679
 305365   153   262316594
 305898   685  1122143826
 305589   370   706049309
 305518  1051  1670153598
 305377    44    78433412
 305237   545  1023947294
 305081   118   131642134
 305314    27    31689418
 316569   327   400382927
 316240   774  1090830534
 316722   369   494131849
 316082   278   355051364
 316766  1243  1710622035
 316766  1017  1403156441
 316505   506   601151183
 316216   352   468321131
 316876   337   478240259
 317320    54    79418865
 318877   404   591221686
 317484   533   767886202
 317663   585   889978940
 317182   941  1325453798
 317641  1253  1882255983
 317527   843  1186143339
 317527   960  1364338434
 319347   290   384873517
 319503   267   401858708
 319756   404   631300661
 320038   211   290207164
 319639  1403  2047475472
 320064   122   198069715
 322252  1295  2245119554
 322204    95   179104732
 321973   223   354374200
 321973   881  1545772934
 323525    24    41749658
 324201  1213  2278617363
 321457   688  1105304008
 324747   791  1435031796
 322407   437   755213930
 322332   937  1639406234
 321813    61    85432897
 323471    34    66059777
 321305   509   827552508
 325022   353   560091974
 323702   664  1148869677
 321393    77   128460858
 324293  1939  3481149253
 323755    58    63493983
 320917   860  1395639693
 324970  1382  2568342340
 321831   282   481583606
 321396   504   817710704
 322118    83   150309010
 322022  1601  2781887584
 320934   754  1196235158
 323775   115   138624602
 322068   545   937318669
 322431   269   469677959
 316217   143   168245012
 316766   654   854706766
 316666   645   918914012
 315322  1157   701120761
 315322  1272   751957611
 315721    61    57468390
 315973   785   891607544
 315973    70    51640961
 315512  1014   741499163
 316058   311   387584077
 316058   348   434636004
 316187   796  1086861527
 316218   553   743269297
 316240   564   777889219
 316218   397   552070636
 316239   493   613979319
 315488   552   522980244
 315488   619   579167777
 316700   123   134437336
 315786    61    62217337
 316218   278   398890395
 316470   157   208831026
 316505  1210  1586300497
 316114   294   314667789
 315840  1048  1134760437
 316876   424   595144416
 316722   210   290642466
 315800   370   460977377
 315322   858   554545422
 315645   542   507679436
 315489   703   379333446
 316058   219   264890846
 315488   576   543763073
 316876   352   498549353
 315322   153   114481843
 315322   581   401694862
 316201   359   502951489
 316758   471   634473674
 316701   101   117048348
 317182   447   577280940
 317438    83   133017686
 317484   351   499595757
 317696   202   256439651
 317087   720   955641418
 317279   373   562377582
 317435  1225  1765126422
 317320   714  1024566145
 317650  1221  1818623842
 317182   730  1001668971
 317626    89   103325596
 317626   235   323997305
 317320  1764  2662049703
 317527  1033  1470500994
 317527   146   168029488
 317291   778  1104166398
 317297   437   690587773
 319337   236   168032362
 319942    27    44429794
 320006   287   489067424
 320025    38    61319000
 319579  2588  4012533868
 319449   693  1008082899
 319347   548   711387935
 319524    70    58271212
 319337  2097  2105005085
 319579   298   386226271
 320065   140   228264493
 320040   249   394158740
 319524  1192  1779257901
 319910   188   313786308
 319910   278   474292847
 319915   100   153823371
 321305  2275  3473758593
 321988  1171  2060131045
 321990   198   361044481
 321973   327   554646657
 320936   196   283043049
 323997   183   346582192
 325170   827  1531560841
 324970    68   119903485
 325117   493   833470921
 324980  1454  2676562634
 325097    58    33476570
 321415   638  1004835718
 321167   531   835499754
 321475  1198  1894429245
 321138   336   491539674
 322179  1064  1820128271
 321414    86   118015764
 322603     4     3100921
 320853   141   170521249
 323997   379   706669715
 324791   541   979992509
 324318    70   146253935
 325022   796  1241456451
 321732  1004  1787525797
 323471    64   127805589
 321415   623   981848083
 321909  1504  2485204560
 322252   908  1589658701
 325000   341   630484627
 321755   160   230291002
 322430   246   384420841
 322332   896  1573163854
 322204   916  1633679372
 322222   120   238542220
 322118   336   615857868
 323471    10    19516661
 321988   535   941092254
 322022   648  1126545714
 321007   519   835533956
 320995    71    92636202
 323940   853  1558038518
 324318   287   582515438
 321177   107   128509243
 325022   180   260842068
 321305   642  1044128154
 321305  1196  1890969858
 324293  1827  3319199631
 323778    40    77593122
 324293   316   547681595
 324293   392   703044177
 324747   236   334113158
 321831   574  1012873818
 322106   257   413256399
 322113    90    89692065
 322204   929  1657143248
 322118   287   524498260
 322348   593  1080828910
 322356    86   165852071
 324980  1396  2564109109
 324980  1148  2125496987
 323470   260   477030489
 323526   329   479868390
 324785   494   833246999
 322252   648  1142569502
 323841   292   479740013
 324841  1109  2046132963
 325117   270   485556360
 321475   106   117188462
 324245    86   120216555
 320917   699  1152000299
 324970   755  1386129785
 321917   478   875354859
 321917   594  1087738034
 322179  1392  2385035119
 322381   326   539969523
 321124     4     2504067
 322319    73   119636757
 316766   378   487299711
 315800   328   408260969
 316114   413   426049604
 316153   201   281205575
 316995   620   929681971
 316380   671   523614216
 317663   255   368092640
 317435   218   272025493
 322204   974  1734444888
 324791   305   562555539
 323727   327   607574636
 321887   127   142163174
 323755   798  1461418266
 325170   333   613569478
 321475   198   267255514
 321735    40    64216988
 323778   412   799962666
 322079   277   478771681